0.000100000000000 -6.000000000000000 0.100000000000000 0.000000000000000 5.000000000000000E-001
0.100000000000000 -2.383053989840991 3.000000000000000 0.000000000000000 1.056008935672694E-002
0.100000000000000 -3.525639587276567 0.252853029433643 -2.383053989840991 3.738080570059663E-002
0.252853029433643 -3.011745163436871 1.429374418151236 -2.383053989840991 4.349245561245729E-003
1.429374418151236 -3.525639587276567 3.000000000000000 -2.383053989840991 4.349245561245729E-003
0.252853029433643 -3.682446163611516 1.429374418151236 -3.011745163436871 4.475792650157230E-001
0.100000000000000 -4.697871751794469 0.252853029433643 -3.525639587276567 2.997726965147313E-002
0.252853029433643 -4.697871751794469 1.429374418151236 -3.682446163611516 1.085306897356458E-001
1.429374418151236 -4.697871751794469 3.000000000000000 -3.525639587276567 1.085306897356458E-001
0.100000000000000 -6.000000000000000 3.000000000000000 -4.697871751794469 1.405292100139309E-001
