0.000100000000000 -6.000000000000000 0.100000000000000 0.000000000000000 5.000000000000000E-001
0.100000000000000 -2.409023245739884 3.000000000000000 0.000000000000000 5.349408386133413E-002
0.100000000000000 -3.430533126001689 0.503146798969641 -2.409023245739884 8.163565220787709E-002
0.503146798969641 -3.160010317571877 1.495238446334502 -2.409023245739884 5.032677177496242E-002
1.495238446334502 -3.430533126001689 3.000000000000000 -2.409023245739884 5.032677177496242E-002
0.503146798969641 -3.834398952757224 1.495238446334502 -3.160010317571877 1.732816289052528E-001
0.100000000000000 -4.591151095941425 0.503146798969641 -3.430533126001689 1.929714591469527E-001
0.503146798969641 -4.591151095941425 1.495238446334502 -3.834398952757224 1.750443250067654E-001
1.495238446334502 -4.591151095941425 3.000000000000000 -3.430533126001689 1.750443250067654E-001
0.100000000000000 -6.000000000000000 3.000000000000000 -4.591151095941425 1.953284379736640E-001
