0.000100000000000 -6.000000000000000 0.100000000000000 0.000000000000000 5.000000000000000E-001
0.100000000000000 -2.408963170402779 3.000000000000000 0.000000000000000 1.844860330715944E-002
0.100000000000000 -3.425760163827805 0.314689168256791 -2.408963170402779 6.445794439155982E-002
0.314689168256791 -3.156147922675382 1.648306546417452 -2.408963170402779 2.135209320628653E-002
1.648306546417452 -3.425760163827805 3.000000000000000 -2.408963170402779 2.135209320628653E-002
0.314689168256791 -3.932358203089342 1.648306546417452 -3.156147922675382 5.732905066347891E-001
0.100000000000000 -4.449628989986630 0.314689168256791 -3.425760163827805 1.542872669451236E-001
0.314689168256791 -4.449628989986630 1.648306546417452 -3.932358203089342 5.479373759347217E-001
1.648306546417452 -4.449628989986630 3.000000000000000 -3.425760163827805 5.479373759347217E-001
0.100000000000000 -6.000000000000000 3.000000000000000 -4.449628989986630 6.973825645232020E-001
