0.000100000000000 -6.000000000000000 0.100000000000000 0.000000000000000 5.000000000000000E-001
0.100000000000000 -2.285396253930482 3.000000000000000 0.000000000000000 1.831494593404625E-002
0.100000000000000 -3.550483727262033 0.230825237791055 -2.285396253930482 4.489725066577061E-002
0.230825237791055 -3.020637207591549 1.334485331216139 -2.285396253930482 2.689738450623647E-003
1.334485331216139 -3.550483727262033 3.000000000000000 -2.285396253930482 2.689738450623647E-003
0.230825237791055 -3.680704693648151 1.334485331216139 -3.020637207591549 4.701402688416256E-001
0.100000000000000 -4.794504462711518 0.230825237791055 -3.550483727262033 5.626554672876196E-002
0.230825237791055 -4.794504462711518 1.334485331216139 -3.680704693648151 6.487639428831468E-002
1.334485331216139 -4.794504462711518 3.000000000000000 -3.550483727262033 6.487639428831468E-002
0.100000000000000 -6.000000000000000 3.000000000000000 -4.794504462711518 8.682095650761175E-002
