0.000100000000000 -6.000000000000000 0.100000000000000 0.000000000000000 5.000000000000000E-001
0.100000000000000 -2.464863389526045 3.000000000000000 0.000000000000000 6.081157016109361E-003
0.100000000000000 -3.512446386189136 0.308684794030799 -2.464863389526045 3.901527505612724E-002
0.308684794030799 -3.107713476395903 1.513634307625558 -2.464863389526045 6.592274875020368E-003
1.513634307625558 -3.512446386189136 3.000000000000000 -2.464863389526045 6.592274875020368E-003
0.308684794030799 -3.775492211462544 1.513634307625558 -3.107713476395903 6.627631841942304E-001
0.100000000000000 -4.607168322178705 0.308684794030799 -3.512446386189136 4.465398082078496E-002
0.308684794030799 -4.607168322178705 1.513634307625558 -3.775492211462544 2.113259852073894E-001
1.513634307625558 -4.607168322178705 3.000000000000000 -3.512446386189136 2.113259852073894E-001
0.100000000000000 -6.000000000000000 3.000000000000000 -4.607168322178705 2.282923282758435E-001
