0.000100000000000 -6.000000000000000 0.100000000000000 0.000000000000000 5.000000000000000E-001
0.100000000000000 -2.188284282606757 3.000000000000000 0.000000000000000 3.102345859016252E-002
0.100000000000000 -3.554835184701540 0.225798569026774 -2.188284282606757 4.212819374154204E-002
0.225798569026774 -3.010467368478509 1.258754663255530 -2.188284282606757 1.526292135516863E-003
1.258754663255530 -3.554835184701540 3.000000000000000 -2.188284282606757 1.526292135516863E-003
0.225798569026774 -3.680168366000688 1.258754663255530 -3.010467368478509 4.435790893430748E-001
0.100000000000000 -4.878220677497876 0.225798569026774 -3.554835184701540 1.047256578847836E-001
0.225798569026774 -4.878220677497876 1.258754663255530 -3.680168366000688 3.302171504898613E-002
1.258754663255530 -4.878220677497876 3.000000000000000 -3.554835184701540 3.302171504898613E-002
0.100000000000000 -6.000000000000000 3.000000000000000 -4.878220677497876 5.489146964122427E-002
