0.000100000000000 -6.000000000000000 0.100000000000000 0.000000000000000 5.000000000000000E-001
0.100000000000000 -2.490643787985965 3.000000000000000 0.000000000000000 3.356794851315367E-002
0.100000000000000 -3.429981981882116 0.407743858156916 -2.490643787985965 8.461723648038696E-002
0.407743858156916 -3.249897573123423 1.580377522507583 -2.490643787985965 3.254559431951101E-002
1.580377522507583 -3.429981981882116 3.000000000000000 -2.490643787985965 3.254559431951101E-002
0.407743858156916 -3.854788686851493 1.580377522507583 -3.249897573123423 3.237988611259364E-001
0.100000000000000 -4.517313720323463 0.407743858156916 -3.429981981882116 2.653165101619998E-001
0.407743858156916 -4.517313720323463 1.580377522507583 -3.854788686851493 2.932521528424102E-001
1.580377522507583 -4.517313720323463 3.000000000000000 -3.429981981882116 2.932521528424102E-001
0.100000000000000 -6.000000000000000 3.000000000000000 -4.517313720323463 3.763273330347398E-001
