0.000100000000000 -6.000000000000000 0.100000000000000 0.000000000000000 5.000000000000000E-001
0.100000000000000 -2.493920412762758 3.000000000000000 0.000000000000000 1.196857186833604E-002
0.100000000000000 -3.426688815608153 0.231678308101488 -2.493920412762758 6.988352203471808E-002
0.231678308101488 -3.170477396741988 1.552413975836895 -2.493920412762758 1.309670773123533E-002
1.552413975836895 -3.426688815608153 3.000000000000000 -2.493920412762758 1.309670773123533E-002
0.231678308101488 -3.860888017999168 1.552413975836895 -3.170477396741988 4.592778923878378E-001
0.100000000000000 -4.532498105282200 0.231678308101488 -3.426688815608153 8.538617540244477E-002
0.231678308101488 -4.532498105282200 1.552413975836895 -3.860888017999168 3.516204369729385E-001
1.552413975836895 -4.532498105282200 3.000000000000000 -3.426688815608153 3.516204369729385E-001
0.100000000000000 -6.000000000000000 3.000000000000000 -4.532498105282200 4.335061363982423E-001
