0.000100000000000 -6.000000000000000 0.100000000000000 0.000000000000000 5.000000000000000E-001
0.100000000000000 -2.689676771620952 3.000000000000000 0.000000000000000 3.913488035718884E-002
0.100000000000000 -3.189476182129815 0.327076091778815 -2.689676771620952 7.833915454876846E-002
0.327076091778815 -3.064476182129800 2.850797529175518 -2.689676771620952 2.899964680801879E-002
2.850797529175518 -3.189476182129815 3.000000000000000 -2.689676771620952 2.899964680801879E-002
0.327076091778815 -3.642114410271144 2.850797529175518 -3.064476182129800 3.010041220667127E-001
0.100000000000000 -4.089789936530176 0.327076091778815 -3.189476182129815 7.993956242636577E-002
0.327076091778815 -4.089789936530176 2.850797529175518 -3.642114410271144 2.284517020625130E-001
2.850797529175518 -4.089789936530176 3.000000000000000 -3.189476182129815 2.284517020625130E-001
0.100000000000000 -6.000000000000000 3.000000000000000 -4.089789936530176 1.024862237869387E-003
