0.000100000000000 -6.000000000000000 0.100000000000000 0.000000000000000 5.000000000000000E-001
0.100000000000000 -2.687934739317376 3.000000000000000 0.000000000000000 3.891446325846265E-002
0.100000000000000 -3.189476182130134 0.327063156105830 -2.687934739317376 7.861375835234133E-002
0.327063156105830 -3.064476182129801 2.791121146288104 -2.687934739317376 2.885752198798572E-002
2.791121146288104 -3.189476182130134 3.000000000000000 -2.687934739317376 2.885752198798572E-002
0.327063156105830 -3.641101773870061 2.791121146288104 -3.064476182129801 3.006543299739668E-001
0.100000000000000 -4.092387064604405 0.327063156105830 -3.189476182130134 8.002550135228048E-002
0.327063156105830 -4.092387064604405 2.791121146288104 -3.641101773870061 2.287019224987369E-001
2.791121146288104 -4.092387064604405 3.000000000000000 -3.189476182130134 2.287019224987369E-001
0.100000000000000 -6.000000000000000 3.000000000000000 -4.092387064604405 1.048762492904558E-003
