0.000100000000000 -6.000000000000000 0.100000000000000 0.000000000000000 5.000000000000000E-001
0.100000000000000 -2.510454961809919 3.000000000000000 0.000000000000000 3.260994722351213E-002
0.100000000000000 -3.576027596144026 0.346590826623358 -2.510454961809919 9.555443694305145E-002
0.346590826623358 -3.063702860660539 1.663717244192024 -2.510454961809919 2.678094895764742E-002
1.663717244192024 -3.576027596144026 3.000000000000000 -2.510454961809919 2.678094895764742E-002
0.346590826623358 -3.774691263896938 1.663717244192024 -3.063702860660539 2.878767732913186E-001
0.100000000000000 -4.506945897859990 0.346590826623358 -3.576027596144026 9.101595472598978E-002
0.346590826623358 -4.506945897859990 1.663717244192024 -3.774691263896938 2.457286803003548E-001
1.663717244192024 -4.506945897859990 3.000000000000000 -3.576027596144026 2.457286803003548E-001
0.100000000000000 -6.000000000000000 3.000000000000000 -4.506945897859990 2.986798736043634E-002
