0.000100000000000 -6.000000000000000 0.100000000000000 0.000000000000000 5.000000000000000E-001
0.100000000000000 -2.686396472725039 3.000000000000000 0.000000000000000 3.450881304668273E-002
0.100000000000000 -3.344397285314744 0.328084901976144 -2.686396472725039 8.767725299683711E-002
0.328084901976144 -3.064540516866601 1.903951342202418 -2.686396472725039 2.629065971849365E-002
1.903951342202418 -3.344397285314744 3.000000000000000 -2.686396472725039 2.629065971849365E-002
0.328084901976144 -3.658651930151329 1.903951342202418 -3.064540516866601 2.934139683171582E-001
0.100000000000000 -4.278463127574978 0.328084901976144 -3.344397285314744 8.248368819595044E-002
0.328084901976144 -4.278463127574978 1.903951342202418 -3.658651930151329 2.300236695763709E-001
1.903951342202418 -4.278463127574978 3.000000000000000 -3.344397285314744 2.300236695763709E-001
0.100000000000000 -6.000000000000000 3.000000000000000 -4.278463127574978 6.406526539624915E-003
