0.000100000000000 -6.000000000000000 0.100000000000000 0.000000000000000 5.000000000000000E-001
0.100000000000000 -2.602153315491680 3.000000000000000 0.000000000000000 3.481453101108090E-002
0.100000000000000 -3.500593448956189 0.337868777777295 -2.602153315491680 9.247594767083589E-002
0.337868777777295 -3.063525404520318 1.735978946848521 -2.602153315491680 2.689118143410954E-002
1.735978946848521 -3.500593448956189 3.000000000000000 -2.602153315491680 2.689118143410954E-002
0.337868777777295 -3.678781865491069 1.735978946848521 -3.063525404520318 2.903898348496665E-001
0.100000000000000 -4.420242279684143 0.337868777777295 -3.500593448956189 7.221734792967294E-002
0.337868777777295 -4.420242279684143 1.735978946848521 -3.678781865491069 2.353215905058572E-001
1.735978946848521 -4.420242279684143 3.000000000000000 -3.500593448956189 2.353215905058572E-001
0.100000000000000 -6.000000000000000 3.000000000000000 -4.420242279684143 1.769319772655939E-002
