0.000100000000000 -6.000000000000000 0.100000000000000 0.000000000000000 5.000000000000000E-001
0.100000000000000 -2.502204715214501 3.000000000000000 0.000000000000000 3.000260471819194E-002
0.100000000000000 -3.568388625837792 0.365979050754709 -2.502204715214501 1.130814280867485E-001
0.365979050754709 -3.090433796688934 1.499784028660817 -2.502204715214501 2.933226609646198E-002
1.499784028660817 -3.568388625837792 3.000000000000000 -2.502204715214501 2.933226609646198E-002
0.365979050754709 -3.763559888495279 1.499784028660817 -3.090433796688934 2.963752775185107E-001
0.100000000000000 -4.681334374154063 0.365979050754709 -3.568388625837792 3.138010550459695E-001
0.365979050754709 -4.681334374154063 1.499784028660817 -3.763559888495279 3.373850852868374E-001
1.499784028660817 -4.681334374154063 3.000000000000000 -3.568388625837792 3.373850852868374E-001
0.100000000000000 -6.000000000000000 3.000000000000000 -4.681334374154063 1.081575507670538E-001
