0.000100000000000 -6.000000000000000 0.100000000000000 0.000000000000000 5.000000000000000E-001
0.100000000000000 -2.688363804692929 3.000000000000000 0.000000000000000 3.627764468421341E-002
0.100000000000000 -3.189598853999770 0.326537236439676 -2.688363804692929 8.381200309583052E-002
0.326537236439676 -3.064476198632421 2.155572409499867 -2.688363804692929 2.741464865974941E-002
2.155572409499867 -3.189598853999770 3.000000000000000 -2.688363804692929 2.741464865974941E-002
0.326537236439676 -3.642804206300892 2.155572409499867 -3.064476198632421 2.964016489825894E-001
0.100000000000000 -4.163076123469334 0.326537236439676 -3.189598853999770 8.211319056721060E-002
0.326537236439676 -4.163076123469334 2.155572409499867 -3.642804206300892 2.306506374886025E-001
2.155572409499867 -4.163076123469334 3.000000000000000 -3.189598853999770 2.306506374886025E-001
0.100000000000000 -6.000000000000000 3.000000000000000 -4.163076123469334 2.718069061737815E-003
