0.000100000000000 -6.000000000000000 0.100000000000000 0.000000000000000 5.000000000000000E-001
0.100000000000000 -2.687302871585393 3.000000000000000 0.000000000000000 3.947986141015096E-002
0.100000000000000 -3.191137199360609 0.327429330100374 -2.687302871585393 7.810581028461623E-002
0.327429330100374 -3.064467848805474 2.874100895509778 -2.687302871585393 2.924555539960333E-002
2.874100895509778 -3.191137199360609 3.000000000000000 -2.687302871585393 2.924555539960333E-002
0.327429330100374 -3.642510309525887 2.874100895509778 -3.064467848805474 3.013990888939854E-001
0.100000000000000 -4.087651929191965 0.327429330100374 -3.191137199360609 7.945712568123234E-002
0.327429330100374 -4.087651929191965 2.874100895509778 -3.642510309525887 2.281096695300869E-001
2.874100895509778 -4.087651929191965 3.000000000000000 -3.191137199360609 2.281096695300869E-001
0.100000000000000 -6.000000000000000 3.000000000000000 -4.087651929191965 1.018076248690031E-003
