0.000100000000000 -6.000000000000000 0.100000000000000 0.000000000000000 5.000000000000000E-001
0.100000000000000 -2.686747390507597 3.000000000000000 0.000000000000000 3.893117309533075E-002
0.100000000000000 -3.189476182131564 0.326982846750862 -2.686747390507597 7.934038613541562E-002
0.326982846750862 -3.064476182129801 2.716982158091438 -2.686747390507597 2.900427284142889E-002
2.716982158091438 -3.189476182131564 3.000000000000000 -2.686747390507597 2.900427284142889E-002
0.326982846750862 -3.641112121905689 2.716982158091438 -3.064476182129801 3.004768609147084E-001
0.100000000000000 -4.095371158722137 0.326982846750862 -3.189476182131564 8.027492458221039E-002
0.326982846750862 -4.095371158722137 2.716982158091438 -3.641112121905689 2.291222520732881E-001
2.716982158091438 -4.095371158722137 3.000000000000000 -3.189476182131564 2.291222520732881E-001
0.100000000000000 -6.000000000000000 3.000000000000000 -4.095371158722137 1.074458060330564E-003
