0.000100000000000 -6.000000000000000 0.100000000000000 0.000000000000000 5.000000000000000E-001
0.100000000000000 -2.689583831815930 3.000000000000000 0.000000000000000 3.784445828395868E-002
0.100000000000000 -3.189476293450353 0.326941851901727 -2.689583831815930 8.125144099945442E-002
0.326941851901727 -3.064476182148158 2.385503737640374 -2.689583831815930 2.839047598744060E-002
2.385503737640374 -3.189476293450353 3.000000000000000 -2.689583831815930 2.839047598744060E-002
0.326941851901727 -3.639343446615344 2.385503737640374 -3.064476182148158 2.986866329451376E-001
0.100000000000000 -4.119895233789967 0.326941851901727 -3.189476293450353 8.084870355919302E-002
0.326941851901727 -4.119895233789967 2.385503737640374 -3.639343446615344 2.308184562936580E-001
2.385503737640374 -4.119895233789967 3.000000000000000 -3.189476293450353 2.308184562936580E-001
0.100000000000000 -6.000000000000000 3.000000000000000 -4.119895233789967 1.701267130663990E-003
