0.000100000000000 -6.000000000000000 0.100000000000000 0.000000000000000 5.000000000000000E-001
0.100000000000000 -2.689447557704487 3.000000000000000 0.000000000000000 3.850171894416232E-002
0.100000000000000 -3.189476182138235 0.326850200909028 -2.689447557704487 7.949565725772913E-002
0.326850200909028 -3.064476182129802 2.630393481216605 -2.689447557704487 2.866114513164453E-002
2.630393481216605 -3.189476182138235 3.000000000000000 -2.689447557704487 2.866114513164453E-002
0.326850200909028 -3.640131833050814 2.630393481216605 -3.064476182129802 2.999531744584588E-001
0.100000000000000 -4.099701041280856 0.326850200909028 -3.189476182138235 8.048872754269171E-002
0.326850200909028 -4.099701041280856 2.630393481216605 -3.640131833050814 2.295020651424397E-001
2.630393481216605 -4.099701041280856 3.000000000000000 -3.189476182138235 2.295020651424397E-001
0.100000000000000 -6.000000000000000 3.000000000000000 -4.099701041280856 1.116052492136682E-003
