0.000100000000000 -6.000000000000000 0.100000000000000 0.000000000000000 5.000000000000000E-001
0.100000000000000 -2.669598374998468 3.000000000000000 0.000000000000000 3.339293185317155E-002
0.100000000000000 -3.423949411967266 0.328775589758953 -2.669598374998468 8.901087909927650E-002
0.328775589758953 -3.064667291439960 1.818368876855885 -2.669598374998468 2.549022712377422E-002
1.818368876855885 -3.423949411967266 3.000000000000000 -2.669598374998468 2.549022712377422E-002
0.328775589758953 -3.677882838752635 1.818368876855885 -3.064667291439960 2.920509624755223E-001
0.100000000000000 -4.334126536936179 0.328775589758953 -3.423949411967266 8.477796774913517E-002
0.328775589758953 -4.334126536936179 1.818368876855885 -3.677882838752635 2.317747285793516E-001
1.818368876855885 -4.334126536936179 3.000000000000000 -3.423949411967266 2.317747285793516E-001
0.100000000000000 -6.000000000000000 3.000000000000000 -4.334126536936179 9.655682941057927E-003
