0.000100000000000 -6.000000000000000 0.100000000000000 0.000000000000000 5.000000000000000E-001
0.100000000000000 -2.687232140692160 3.000000000000000 0.000000000000000 3.823170192183232E-002
0.100000000000000 -3.189476182316759 0.326587455925934 -2.687232140692160 7.984813788861546E-002
0.326587455925934 -3.064476182129836 2.560109932910055 -2.687232140692160 2.850149634868548E-002
2.560109932910055 -3.189476182316759 3.000000000000000 -2.687232140692160 2.850149634868548E-002
0.326587455925934 -3.640238350237043 2.560109932910055 -3.064476182129836 2.996077388950186E-001
0.100000000000000 -4.103912026363601 0.326587455925934 -3.189476182316759 8.088896090357421E-002
0.326587455925934 -4.103912026363601 2.560109932910055 -3.640238350237043 2.299618966390940E-001
2.560109932910055 -4.103912026363601 3.000000000000000 -3.189476182316759 2.299618966390940E-001
0.100000000000000 -6.000000000000000 3.000000000000000 -4.103912026363601 1.201968804966761E-003
