0.000100000000000 -6.000000000000000 0.100000000000000 0.000000000000000 5.000000000000000E-001
0.100000000000000 -2.687048161375020 3.000000000000000 0.000000000000000 3.796370705130629E-002
0.100000000000000 -3.189476707939912 0.327536282727540 -2.687048161375020 8.279392747437295E-002
0.327536282727540 -3.064476182143216 2.301441091016664 -2.687048161375020 2.873681824518655E-002
2.301441091016664 -3.189476707939912 3.000000000000000 -2.687048161375020 2.873681824518655E-002
0.327536282727540 -3.639208989431852 2.301441091016664 -3.064476182143216 2.982716948054352E-001
0.100000000000000 -4.132164321987112 0.327536282727540 -3.189476707939912 8.058675669941791E-002
0.327536282727540 -4.132164321987112 2.301441091016664 -3.639208989431852 2.311704091258552E-001
2.301441091016664 -4.132164321987112 3.000000000000000 -3.189476707939912 2.311704091258552E-001
0.100000000000000 -6.000000000000000 3.000000000000000 -4.132164321987112 2.020993056694652E-003
