0.000100000000000 -6.000000000000000 0.100000000000000 0.000000000000000 5.000000000000000E-001
0.100000000000000 -2.414227212142574 3.000000000000000 0.000000000000000 5.594002294369595E-002
0.100000000000000 -3.573861440599356 0.458617827517565 -2.414227212142574 1.220629692915999E-001
0.458617827517565 -3.179826202005651 1.432743445093719 -2.414227212142574 5.113225403465559E-002
1.432743445093719 -3.573861440599356 3.000000000000000 -2.414227212142574 5.113225403465559E-002
0.458617827517565 -3.840454491751586 1.432743445093719 -3.179826202005651 1.736060587439023E-001
0.100000000000000 -4.597327028323292 0.458617827517565 -3.573861440599356 1.813114718585642E-001
0.458617827517565 -4.597327028323292 1.432743445093719 -3.840454491751586 1.800096406993193E-001
1.432743445093719 -4.597327028323292 3.000000000000000 -3.573861440599356 1.800096406993193E-001
0.100000000000000 -6.000000000000000 3.000000000000000 -4.597327028323292 1.960703274095343E-001
