0.000100000000000 -6.000000000000000 0.100000000000000 0.000000000000000 5.000000000000000E-001
0.100000000000000 -2.684554850109654 3.000000000000000 0.000000000000000 3.646299937038384E-002
0.100000000000000 -3.192535621942144 0.327401796518745 -2.684554850109654 8.599327585248308E-002
0.327401796518745 -3.064476067590066 2.077175087260710 -2.684554850109654 2.789843203008591E-002
2.077175087260710 -3.192535621942144 3.000000000000000 -2.684554850109654 2.789843203008591E-002
0.327401796518745 -3.644469247990857 2.077175087260710 -3.064476067590066 2.959203419158563E-001
0.100000000000000 -4.183438451550627 0.327401796518745 -3.192535621942144 8.189257415093833E-002
0.327401796518745 -4.183438451550627 2.077175087260710 -3.644469247990857 2.298935529810793E-001
2.077175087260710 -4.183438451550627 3.000000000000000 -3.192535621942144 2.298935529810793E-001
0.100000000000000 -6.000000000000000 3.000000000000000 -4.183438451550627 3.222433967678830E-003
