0.000100000000000 -6.000000000000000 0.100000000000000 0.000000000000000 5.000000000000000E-001
0.100000000000000 -2.694624303639112 3.000000000000000 0.000000000000000 3.504321843900566E-002
0.100000000000000 -3.253526103177442 0.326430894283387 -2.694624303639112 8.639572042430378E-002
0.326430894283387 -3.064498462846585 1.991436153578647 -2.694624303639112 2.664815730640977E-002
1.991436153578647 -3.253526103177442 3.000000000000000 -2.694624303639112 2.664815730640977E-002
0.326430894283387 -3.652660081560249 1.991436153578647 -3.064498462846585 2.946034454421453E-001
0.100000000000000 -4.221931696256781 0.326430894283387 -3.253526103177442 8.348885791641052E-002
0.326430894283387 -4.221931696256781 1.991436153578647 -3.652660081560249 2.288099808745778E-001
1.991436153578647 -4.221931696256781 3.000000000000000 -3.253526103177442 2.288099808745778E-001
0.100000000000000 -6.000000000000000 3.000000000000000 -4.221931696256781 4.124284552547177E-003
