0.000100000000000 -6.000000000000000 0.100000000000000 0.000000000000000 5.000000000000000E-001
0.100000000000000 -2.505980543067843 3.000000000000000 0.000000000000000 2.967782524882755E-002
0.100000000000000 -3.580128700999157 0.357570258856452 -2.505980543067843 1.011165780605810E-001
0.357570258856452 -3.075313199241480 1.576294595069633 -2.505980543067843 2.678353335224034E-002
1.576294595069633 -3.580128700999157 3.000000000000000 -2.505980543067843 2.678353335224034E-002
0.357570258856452 -3.848007538117264 1.576294595069633 -3.075313199241480 2.872781979279210E-001
0.100000000000000 -4.584006963988926 0.357570258856452 -3.580128700999157 1.739343464238979E-001
0.357570258856452 -4.584006963988926 1.576294595069633 -3.848007538117264 2.799425275987811E-001
1.576294595069633 -4.584006963988926 3.000000000000000 -3.580128700999157 2.799425275987811E-001
0.100000000000000 -6.000000000000000 3.000000000000000 -4.584006963988926 5.610901366722793E-002
