0.000100000000000 -6.000000000000000 0.100000000000000 0.000000000000000 5.000000000000000E-001
0.100000000000000 -2.685826788164018 3.000000000000000 0.000000000000000 3.830034762061214E-002
0.100000000000000 -3.189476182778375 0.327079448711567 -2.685826788164018 8.073967611573897E-002
0.327079448711567 -3.064476182129821 2.469245484631423 -2.685826788164018 2.869830546651122E-002
2.469245484631423 -3.189476182778375 3.000000000000000 -2.685826788164018 2.869830546651122E-002
0.327079448711567 -3.639393484408808 2.469245484631423 -3.064476182129821 2.993130500445349E-001
0.100000000000000 -4.110878531270107 0.327079448711567 -3.189476182778375 8.053627018498138E-002
0.327079448711567 -4.110878531270107 2.469245484631423 -3.639393484408808 2.303894650322409E-001
2.469245484631423 -4.110878531270107 3.000000000000000 -3.189476182778375 2.303894650322409E-001
0.100000000000000 -6.000000000000000 3.000000000000000 -4.110878531270107 1.488656800672101E-003
