0.000100000000000 -6.000000000000000 0.100000000000000 0.000000000000000 5.000000000000000E-001
0.100000000000000 -2.688275456138788 3.000000000000000 0.000000000000000 3.944811838368265E-002
0.100000000000000 -3.189671920924313 0.327303094222766 -2.688275456138788 7.748268421515704E-002
0.327303094222766 -3.064468055920054 2.874763020476643 -2.688275456138788 2.911318782125070E-002
2.874763020476643 -3.189671920924313 3.000000000000000 -2.688275456138788 2.911318782125070E-002
0.327303094222766 -3.643162669674367 2.874763020476643 -3.064468055920054 3.015961643735413E-001
0.100000000000000 -4.085468719469126 0.327303094222766 -3.189671920924313 7.948788746857713E-002
0.327303094222766 -4.085468719469126 2.874763020476643 -3.643162669674367 2.278885347158073E-001
2.874763020476643 -4.085468719469126 3.000000000000000 -3.189671920924313 2.278885347158073E-001
0.100000000000000 -6.000000000000000 3.000000000000000 -4.085468719469126 1.008766359800611E-003
