0.000100000000000 -6.000000000000000 0.100000000000000 0.000000000000000 5.000000000000000E-001
0.100000000000000 -2.693913043948234 3.000000000000000 0.000000000000000 3.691624357854310E-002
0.100000000000000 -3.189479407318705 0.326691928722523 -2.693913043948234 8.314486247736354E-002
0.326691928722523 -3.064476182588427 2.226486797636943 -2.693913043948234 2.786874886506165E-002
2.226486797636943 -3.189479407318705 3.000000000000000 -2.693913043948234 2.786874886506165E-002
0.326691928722523 -3.640674516654507 2.226486797636943 -3.064476182588427 2.972225534089396E-001
0.100000000000000 -4.146953552919442 0.326691928722523 -3.189479407318705 8.169666102708092E-002
0.326691928722523 -4.146953552919442 2.226486797636943 -3.640674516654507 2.310265608382504E-001
2.226486797636943 -4.146953552919442 3.000000000000000 -3.189479407318705 2.310265608382504E-001
0.100000000000000 -6.000000000000000 3.000000000000000 -4.146953552919442 2.336177691714170E-003
