0.000100000000000 -6.000000000000000 0.100000000000000 0.000000000000000 5.000000000000000E-001
0.100000000000000 -2.061699592911262 3.000000000000000 0.000000000000000 5.000000000000000E-002
0.100000000000000 -3.000000000000000 1.000000000000000 -2.061699592911262 3.333333333333333E-002
1.000000000000000 -2.750000000000000 2.000000000000000 -2.061699592911262 1.000000000000000E-002
2.000000000000000 -3.000000000000000 3.000000000000000 -2.061699592911262 1.000000000000000E-002
1.000000000000000 -3.250000000000000 2.000000000000000 -2.750000000000000 3.333333333333333E-001
0.100000000000000 -4.028594032225415 1.000000000000000 -3.000000000000000 2.000000000000000E-001
1.000000000000000 -4.028594032225415 2.000000000000000 -3.250000000000000 1.000000000000000E-001
2.000000000000000 -4.028594032225415 3.000000000000000 -3.000000000000000 1.000000000000000E-001
0.100000000000000 -6.000000000000000 3.000000000000000 -4.028594032225415 2.500000000000000E-001
