0.000100000000000 -6.000000000000000 0.100000000000000 0.000000000000000 5.000000000000000E-001
0.100000000000000 -2.285908759261848 3.000000000000000 0.000000000000000 5.000000000000000E-002
0.100000000000000 -3.000000000000000 1.000000000000000 -2.285908759261848 3.333333333333333E-002
1.000000000000000 -2.750000000000000 2.000000000000000 -2.285908759261848 1.000000000000000E-002
2.000000000000000 -3.000000000000000 3.000000000000000 -2.285908759261848 1.000000000000000E-002
1.000000000000000 -3.147992559296393 2.000000000000000 -2.750000000000000 3.333333333333333E-001
0.100000000000000 -3.845263565322480 1.000000000000000 -3.000000000000000 2.000000000000000E-001
1.000000000000000 -3.845263565322480 2.000000000000000 -3.147992559296393 1.000000000000000E-001
2.000000000000000 -3.845263565322480 3.000000000000000 -3.000000000000000 1.000000000000000E-001
0.100000000000000 -6.000000000000000 3.000000000000000 -3.845263565322480 2.500000000000000E-001
