0.000100000000000 -6.000000000000000 0.100000000000000 0.000000000000000 5.000000000000000E-001
0.100000000000000 -2.290088599392197 3.000000000000000 0.000000000000000 5.000000000000000E-002
0.100000000000000 -3.000000000000000 1.000000000000000 -2.290088599392197 3.333333333333333E-002
1.000000000000000 -2.750000000000000 2.000000000000000 -2.290088599392197 1.000000000000000E-002
2.000000000000000 -3.000000000000000 3.000000000000000 -2.290088599392197 1.000000000000000E-002
1.000000000000000 -3.366868019155439 2.000000000000000 -2.750000000000000 3.333333333333333E-001
0.100000000000000 -4.372154433197697 1.000000000000000 -3.000000000000000 2.000000000000000E-001
1.000000000000000 -4.372154433197697 2.000000000000000 -3.366868019155439 1.000000000000000E-001
2.000000000000000 -4.372154433197697 3.000000000000000 -3.000000000000000 1.000000000000000E-001
0.100000000000000 -6.000000000000000 3.000000000000000 -4.372154433197697 2.500000000000000E-001
