0.000100000000000 -6.000000000000000 0.100000000000000 0.000000000000000 5.000000000000000E-001
0.100000000000000 -2.235350530799900 3.000000000000000 0.000000000000000 5.000000000000000E-002
0.100000000000000 -3.000000000000000 1.000000000000000 -2.235350530799900 3.333333333333333E-002
1.000000000000000 -2.750000000000000 2.000000000000000 -2.235350530799900 1.000000000000000E-002
2.000000000000000 -3.000000000000000 3.000000000000000 -2.235350530799900 1.000000000000000E-002
1.000000000000000 -3.139680220605703 2.000000000000000 -2.750000000000000 3.333333333333333E-001
0.100000000000000 -3.830161738383858 1.000000000000000 -3.000000000000000 2.000000000000000E-001
1.000000000000000 -3.830161738383858 2.000000000000000 -3.139680220605703 1.000000000000000E-001
2.000000000000000 -3.830161738383858 3.000000000000000 -3.000000000000000 1.000000000000000E-001
0.100000000000000 -6.000000000000000 3.000000000000000 -3.830161738383858 2.500000000000000E-001
