0.000100000000000 -6.000000000000000 0.100000000000000 0.000000000000000 5.000000000000000E-001
0.100000000000000 -2.285891589269968 3.000000000000000 0.000000000000000 5.000000000000000E-002
0.100000000000000 -3.000000000000000 1.000000000000000 -2.285891589269968 3.333333333333333E-002
1.000000000000000 -2.750000000000000 2.000000000000000 -2.285891589269968 1.000000000000000E-002
2.000000000000000 -3.000000000000000 3.000000000000000 -2.285891589269968 1.000000000000000E-002
1.000000000000000 -3.144919886064163 2.000000000000000 -2.750000000000000 3.333333333333333E-001
0.100000000000000 -3.841919831835631 1.000000000000000 -3.000000000000000 2.000000000000000E-001
1.000000000000000 -3.841919831835631 2.000000000000000 -3.144919886064163 1.000000000000000E-001
2.000000000000000 -3.841919831835631 3.000000000000000 -3.000000000000000 1.000000000000000E-001
0.100000000000000 -6.000000000000000 3.000000000000000 -3.841919831835631 2.500000000000000E-001
