0.000100000000000 -6.000000000000000 0.100000000000000 0.000000000000000 5.000000000000000E-001
0.100000000000000 -2.224248613484152 3.000000000000000 0.000000000000000 5.000000000000000E-002
0.100000000000000 -3.000000000000000 1.000000000000000 -2.224248613484152 3.333333333333333E-002
1.000000000000000 -2.750000000000000 2.000000000000000 -2.224248613484152 1.000000000000000E-002
2.000000000000000 -3.000000000000000 3.000000000000000 -2.224248613484152 1.000000000000000E-002
1.000000000000000 -3.125181231060734 2.000000000000000 -2.750000000000000 3.333333333333333E-001
0.100000000000000 -3.812212081702173 1.000000000000000 -3.000000000000000 2.000000000000000E-001
1.000000000000000 -3.812212081702173 2.000000000000000 -3.125181231060734 1.000000000000000E-001
2.000000000000000 -3.812212081702173 3.000000000000000 -3.000000000000000 1.000000000000000E-001
0.100000000000000 -6.000000000000000 3.000000000000000 -3.812212081702173 2.500000000000000E-001
