0.000100000000000 -6.000000000000000 0.100000000000000 0.000000000000000 5.000000000000000E-001
0.100000000000000 -2.302117267133245 3.000000000000000 0.000000000000000 5.000000000000000E-002
0.100000000000000 -3.000000000000000 1.000000000000000 -2.302117267133245 3.333333333333333E-002
1.000000000000000 -2.750000000000000 2.000000000000000 -2.302117267133245 1.000000000000000E-002
2.000000000000000 -3.000000000000000 3.000000000000000 -2.302117267133245 1.000000000000000E-002
1.000000000000000 -3.125000963532027 2.000000000000000 -2.750000000000000 3.333333333333333E-001
0.100000000000000 -3.835485834363204 1.000000000000000 -3.000000000000000 2.000000000000000E-001
1.000000000000000 -3.835485834363204 2.000000000000000 -3.125000963532027 1.000000000000000E-001
2.000000000000000 -3.835485834363204 3.000000000000000 -3.000000000000000 1.000000000000000E-001
0.100000000000000 -6.000000000000000 3.000000000000000 -3.835485834363204 2.500000000000000E-001
