0.000100000000000 -6.000000000000000 0.100000000000000 0.000000000000000 5.000000000000000E-001
0.100000000000000 -2.291256209623736 3.000000000000000 0.000000000000000 5.000000000000000E-002
0.100000000000000 -3.000000000000000 1.000000000000000 -2.291256209623736 3.333333333333333E-002
1.000000000000000 -2.750000000000000 2.000000000000000 -2.291256209623736 1.000000000000000E-002
2.000000000000000 -3.000000000000000 3.000000000000000 -2.291256209623736 1.000000000000000E-002
1.000000000000000 -3.138995835263422 2.000000000000000 -2.750000000000000 3.333333333333333E-001
0.100000000000000 -3.834125449454913 1.000000000000000 -3.000000000000000 2.000000000000000E-001
1.000000000000000 -3.834125449454913 2.000000000000000 -3.138995835263422 1.000000000000000E-001
2.000000000000000 -3.834125449454913 3.000000000000000 -3.000000000000000 1.000000000000000E-001
0.100000000000000 -6.000000000000000 3.000000000000000 -3.834125449454913 2.500000000000000E-001
