0.000100000000000 -6.000000000000000 0.100000000000000 0.000000000000000 5.000000000000000E-001
0.100000000000000 -2.334787575318157 3.000000000000000 0.000000000000000 5.000000000000000E-002
0.100000000000000 -3.000000000000000 1.000000000000000 -2.334787575318157 3.333333333333333E-002
1.000000000000000 -2.750000000000000 2.000000000000000 -2.334787575318157 1.000000000000000E-002
2.000000000000000 -3.000000000000000 3.000000000000000 -2.334787575318157 1.000000000000000E-002
1.000000000000000 -3.125000055219554 2.000000000000000 -2.750000000000000 3.333333333333333E-001
0.100000000000000 -3.823138705752255 1.000000000000000 -3.000000000000000 2.000000000000000E-001
1.000000000000000 -3.823138705752255 2.000000000000000 -3.125000055219554 1.000000000000000E-001
2.000000000000000 -3.823138705752255 3.000000000000000 -3.000000000000000 1.000000000000000E-001
0.100000000000000 -6.000000000000000 3.000000000000000 -3.823138705752255 2.500000000000000E-001
