0.000100000000000 -6.000000000000000 0.100000000000000 0.000000000000000 5.000000000000000E-001
0.100000000000000 -2.281069869885793 3.000000000000000 0.000000000000000 5.000000000000000E-002
0.100000000000000 -3.000000000000000 1.000000000000000 -2.281069869885793 3.333333333333333E-002
1.000000000000000 -2.750000000000000 2.000000000000000 -2.281069869885793 1.000000000000000E-002
2.000000000000000 -3.000000000000000 3.000000000000000 -2.281069869885793 1.000000000000000E-002
1.000000000000000 -3.129439245393926 2.000000000000000 -2.750000000000000 3.333333333333333E-001
0.100000000000000 -3.821756045753852 1.000000000000000 -3.000000000000000 2.000000000000000E-001
1.000000000000000 -3.821756045753852 2.000000000000000 -3.129439245393926 1.000000000000000E-001
2.000000000000000 -3.821756045753852 3.000000000000000 -3.000000000000000 1.000000000000000E-001
0.100000000000000 -6.000000000000000 3.000000000000000 -3.821756045753852 2.500000000000000E-001
