0.000100000000000 -6.000000000000000 0.100000000000000 0.000000000000000 5.000000000000000E-001
0.100000000000000 -2.312996095922112 3.000000000000000 0.000000000000000 5.000000000000000E-002
0.100000000000000 -3.000000000000000 1.000000000000000 -2.312996095922112 3.333333333333333E-002
1.000000000000000 -2.750000000000000 2.000000000000000 -2.312996095922112 1.000000000000000E-002
2.000000000000000 -3.000000000000000 3.000000000000000 -2.312996095922112 1.000000000000000E-002
1.000000000000000 -3.137134582521494 2.000000000000000 -2.750000000000000 3.333333333333333E-001
0.100000000000000 -3.833592573148892 1.000000000000000 -3.000000000000000 2.000000000000000E-001
1.000000000000000 -3.833592573148892 2.000000000000000 -3.137134582521494 1.000000000000000E-001
2.000000000000000 -3.833592573148892 3.000000000000000 -3.000000000000000 1.000000000000000E-001
0.100000000000000 -6.000000000000000 3.000000000000000 -3.833592573148892 2.500000000000000E-001
