0.000100000000000 -6.000000000000000 0.100000000000000 0.000000000000000 5.000000000000000E-001
0.100000000000000 -2.337586097006092 3.000000000000000 0.000000000000000 5.000000000000000E-002
0.100000000000000 -3.000000000000000 1.000000000000000 -2.337586097006092 3.333333333333333E-002
1.000000000000000 -2.750000000000000 2.000000000000000 -2.337586097006092 1.000000000000000E-002
2.000000000000000 -3.000000000000000 3.000000000000000 -2.337586097006092 1.000000000000000E-002
1.000000000000000 -3.323712856474061 2.000000000000000 -2.750000000000000 3.333333333333333E-001
0.100000000000000 -4.410093306008151 1.000000000000000 -3.000000000000000 2.000000000000000E-001
1.000000000000000 -4.410093306008151 2.000000000000000 -3.323712856474061 1.000000000000000E-001
2.000000000000000 -4.410093306008151 3.000000000000000 -3.000000000000000 1.000000000000000E-001
0.100000000000000 -6.000000000000000 3.000000000000000 -4.410093306008151 2.500000000000000E-001
