0.000100000000000 -6.000000000000000 0.100000000000000 0.000000000000000 5.000000000000000E-001
0.100000000000000 -2.306520978200748 3.000000000000000 0.000000000000000 5.000000000000000E-002
0.100000000000000 -3.000000000000000 1.000000000000000 -2.306520978200748 3.333333333333333E-002
1.000000000000000 -2.750000000000000 2.000000000000000 -2.306520978200748 1.000000000000000E-002
2.000000000000000 -3.000000000000000 3.000000000000000 -2.306520978200748 1.000000000000000E-002
1.000000000000000 -3.131849937491864 2.000000000000000 -2.750000000000000 3.333333333333333E-001
0.100000000000000 -3.826849238859306 1.000000000000000 -3.000000000000000 2.000000000000000E-001
1.000000000000000 -3.826849238859306 2.000000000000000 -3.131849937491864 1.000000000000000E-001
2.000000000000000 -3.826849238859306 3.000000000000000 -3.000000000000000 1.000000000000000E-001
0.100000000000000 -6.000000000000000 3.000000000000000 -3.826849238859306 2.500000000000000E-001
