0.000100000000000 -6.000000000000000 0.100000000000000 0.000000000000000 5.000000000000000E-001
0.100000000000000 -2.324741787864252 3.000000000000000 0.000000000000000 5.000000000000000E-002
0.100000000000000 -3.000000000000000 1.000000000000000 -2.324741787864252 3.333333333333333E-002
1.000000000000000 -2.750000000000000 2.000000000000000 -2.324741787864252 1.000000000000000E-002
2.000000000000000 -3.000000000000000 3.000000000000000 -2.324741787864252 1.000000000000000E-002
1.000000000000000 -3.125048394828752 2.000000000000000 -2.750000000000000 3.333333333333333E-001
0.100000000000000 -3.820746756994652 1.000000000000000 -3.000000000000000 2.000000000000000E-001
1.000000000000000 -3.820746756994652 2.000000000000000 -3.125048394828752 1.000000000000000E-001
2.000000000000000 -3.820746756994652 3.000000000000000 -3.000000000000000 1.000000000000000E-001
0.100000000000000 -6.000000000000000 3.000000000000000 -3.820746756994652 2.500000000000000E-001
