0.000100000000000 -6.000000000000000 0.100000000000000 0.000000000000000 5.000000000000000E-001
0.100000000000000 -2.376605811238142 3.000000000000000 0.000000000000000 5.000000000000000E-002
0.100000000000000 -3.000000000000000 1.000000000000000 -2.376605811238142 3.333333333333333E-002
1.000000000000000 -2.750000000000000 2.000000000000000 -2.376605811238142 1.000000000000000E-002
2.000000000000000 -3.000000000000000 3.000000000000000 -2.376605811238142 1.000000000000000E-002
1.000000000000000 -3.230012083262713 2.000000000000000 -2.750000000000000 3.333333333333333E-001
0.100000000000000 -4.298435148653605 1.000000000000000 -3.000000000000000 2.000000000000000E-001
1.000000000000000 -4.298435148653605 2.000000000000000 -3.230012083262713 1.000000000000000E-001
2.000000000000000 -4.298435148653605 3.000000000000000 -3.000000000000000 1.000000000000000E-001
0.100000000000000 -6.000000000000000 3.000000000000000 -4.298435148653605 2.500000000000000E-001
