0.000100000000000 -6.000000000000000 0.100000000000000 0.000000000000000 5.000000000000000E-001
0.100000000000000 -2.269618351081780 3.000000000000000 0.000000000000000 5.000000000000000E-002
0.100000000000000 -3.000000000000000 1.000000000000000 -2.269618351081780 3.333333333333333E-002
1.000000000000000 -2.750000000000000 2.000000000000000 -2.269618351081780 1.000000000000000E-002
2.000000000000000 -3.000000000000000 3.000000000000000 -2.269618351081780 1.000000000000000E-002
1.000000000000000 -3.155329070407349 2.000000000000000 -2.750000000000000 3.333333333333333E-001
0.100000000000000 -3.853462050881587 1.000000000000000 -3.000000000000000 2.000000000000000E-001
1.000000000000000 -3.853462050881587 2.000000000000000 -3.155329070407349 1.000000000000000E-001
2.000000000000000 -3.853462050881587 3.000000000000000 -3.000000000000000 1.000000000000000E-001
0.100000000000000 -6.000000000000000 3.000000000000000 -3.853462050881587 2.500000000000000E-001
