0.000100000000000 -6.000000000000000 0.100000000000000 0.000000000000000 5.000000000000000E-001
0.100000000000000 -2.237447355097578 3.000000000000000 0.000000000000000 5.000000000000000E-002
0.100000000000000 -3.000000000000000 1.000000000000000 -2.237447355097578 3.333333333333333E-002
1.000000000000000 -2.750000000000000 2.000000000000000 -2.237447355097578 1.000000000000000E-002
2.000000000000000 -3.000000000000000 3.000000000000000 -2.237447355097578 1.000000000000000E-002
1.000000000000000 -3.145803221989595 2.000000000000000 -2.750000000000000 3.333333333333333E-001
0.100000000000000 -3.837874291533816 1.000000000000000 -3.000000000000000 2.000000000000000E-001
1.000000000000000 -3.837874291533816 2.000000000000000 -3.145803221989595 1.000000000000000E-001
2.000000000000000 -3.837874291533816 3.000000000000000 -3.000000000000000 1.000000000000000E-001
0.100000000000000 -6.000000000000000 3.000000000000000 -3.837874291533816 2.500000000000000E-001
