0.000100000000000 -6.000000000000000 0.100000000000000 0.000000000000000 5.000000000000000E-001
0.100000000000000 -2.192675022761600 3.000000000000000 0.000000000000000 5.000000000000000E-002
0.100000000000000 -3.021376370497361 0.713547103019300 -2.192675022761600 3.333333333333333E-002
0.713547103019300 -2.895077034866243 1.804128494076738 -2.192675022761600 1.000000000000000E-002
1.804128494076738 -3.021376370497361 3.000000000000000 -2.192675022761600 1.000000000000000E-002
0.713547103019300 -3.681516306858609 1.804128494076738 -2.895077034866243 3.333333333333333E-001
0.100000000000000 -4.209348377109594 0.713547103019300 -3.021376370497361 2.000000000000000E-001
0.713547103019300 -4.209348377109594 1.804128494076738 -3.681516306858609 1.000000000000000E-001
1.804128494076738 -4.209348377109594 3.000000000000000 -3.021376370497361 1.000000000000000E-001
0.100000000000000 -6.000000000000000 3.000000000000000 -4.209348377109594 2.500000000000000E-001
