0.000100000000000 -6.000000000000000 0.100000000000000 0.000000000000000 5.000000000000000E-001
0.100000000000000 -2.274648028565262 3.000000000000000 0.000000000000000 5.000000000000000E-002
0.100000000000000 -3.113957642003424 0.635596599495485 -2.274648028565262 3.333333333333333E-002
0.635596599495485 -2.870582067489689 1.881828474715648 -2.274648028565262 1.000000000000000E-002
1.881828474715648 -3.113957642003424 3.000000000000000 -2.274648028565262 1.000000000000000E-002
0.635596599495485 -3.632521430815230 1.881828474715648 -2.870582067489689 3.333333333333333E-001
0.100000000000000 -4.138704423371405 0.635596599495485 -3.113957642003424 2.000000000000000E-001
0.635596599495485 -4.138704423371405 1.881828474715648 -3.632521430815230 1.000000000000000E-001
1.881828474715648 -4.138704423371405 3.000000000000000 -3.113957642003424 1.000000000000000E-001
0.100000000000000 -6.000000000000000 3.000000000000000 -4.138704423371405 2.500000000000000E-001
