0.000100000000000 -6.000000000000000 0.100000000000000 0.000000000000000 5.000000000000000E-001
0.100000000000000 -2.173819260976485 3.000000000000000 0.000000000000000 5.000000000000000E-002
0.100000000000000 -3.020283231690719 0.713571823111085 -2.173819260976485 3.333333333333333E-002
0.713571823111085 -2.895077034545710 1.788667113968490 -2.173819260976485 1.000000000000000E-002
1.788667113968490 -3.020283231690719 3.000000000000000 -2.173819260976485 1.000000000000000E-002
0.713571823111085 -3.730540590677109 1.788667113968490 -2.895077034545710 3.333333333333333E-001
0.100000000000000 -4.241491252023966 0.713571823111085 -3.020283231690719 2.000000000000000E-001
0.713571823111085 -4.241491252023966 1.788667113968490 -3.730540590677109 1.000000000000000E-001
1.788667113968490 -4.241491252023966 3.000000000000000 -3.020283231690719 1.000000000000000E-001
0.100000000000000 -6.000000000000000 3.000000000000000 -4.241491252023966 2.500000000000000E-001
