0.000100000000000 -6.000000000000000 0.100000000000000 0.000000000000000 5.000000000000000E-001
0.100000000000000 -2.311970027759497 3.000000000000000 0.000000000000000 5.000000000000000E-002
0.100000000000000 -3.073166114691679 0.595469181642931 -2.311970027759497 3.333333333333333E-002
0.595469181642931 -2.880263077396198 1.925381089642831 -2.311970027759497 1.000000000000000E-002
1.925381089642831 -3.073166114691679 3.000000000000000 -2.311970027759497 1.000000000000000E-002
0.595469181642931 -3.659864125067917 1.925381089642831 -2.880263077396198 3.333333333333333E-001
0.100000000000000 -4.088942459416423 0.595469181642931 -3.073166114691679 2.000000000000000E-001
0.595469181642931 -4.088942459416423 1.925381089642831 -3.659864125067917 1.000000000000000E-001
1.925381089642831 -4.088942459416423 3.000000000000000 -3.073166114691679 1.000000000000000E-001
0.100000000000000 -6.000000000000000 3.000000000000000 -4.088942459416423 2.500000000000000E-001
