0.000100000000000 -6.000000000000000 0.100000000000000 0.000000000000000 5.000000000000000E-001
0.100000000000000 -2.133654281862096 3.000000000000000 0.000000000000000 5.000000000000000E-002
0.100000000000000 -3.017321254924062 0.751816790405879 -2.133654281862096 3.333333333333333E-002
0.751816790405879 -2.876681786863089 1.750639684416578 -2.133654281862096 1.000000000000000E-002
1.750639684416578 -3.017321254924062 3.000000000000000 -2.133654281862096 1.000000000000000E-002
0.751816790405879 -3.716523056660530 1.750639684416578 -2.876681786863089 3.333333333333333E-001
0.100000000000000 -4.278828058259474 0.751816790405879 -3.017321254924062 2.000000000000000E-001
0.751816790405879 -4.278828058259474 1.750639684416578 -3.716523056660530 1.000000000000000E-001
1.750639684416578 -4.278828058259474 3.000000000000000 -3.017321254924062 1.000000000000000E-001
0.100000000000000 -6.000000000000000 3.000000000000000 -4.278828058259474 2.500000000000000E-001
