0.000100000000000 -6.000000000000000 0.100000000000000 0.000000000000000 5.000000000000000E-001
0.100000000000000 -2.226606802800997 3.000000000000000 0.000000000000000 5.000000000000000E-002
0.100000000000000 -3.160957936986554 0.672536569598155 -2.226606802800997 3.333333333333333E-002
0.672536569598155 -2.915950047320369 1.833518012066122 -2.226606802800997 1.000000000000000E-002
1.833518012066122 -3.160957936986554 3.000000000000000 -2.226606802800997 1.000000000000000E-002
0.672536569598155 -3.585757989712462 1.833518012066122 -2.915950047320369 3.333333333333333E-001
0.100000000000000 -4.180009443484026 0.672536569598155 -3.160957936986554 2.000000000000000E-001
0.672536569598155 -4.180009443484026 1.833518012066122 -3.585757989712462 1.000000000000000E-001
1.833518012066122 -4.180009443484026 3.000000000000000 -3.160957936986554 1.000000000000000E-001
0.100000000000000 -6.000000000000000 3.000000000000000 -4.180009443484026 2.500000000000000E-001
