0.000100000000000 -6.000000000000000 0.100000000000000 0.000000000000000 5.000000000000000E-001
0.100000000000000 -2.231253289401202 3.000000000000000 0.000000000000000 5.000000000000000E-002
0.100000000000000 -3.023150123663118 0.674003350553305 -2.231253289401202 3.333333333333333E-002
0.674003350553305 -2.882029906209234 1.844263029883703 -2.231253289401202 1.000000000000000E-002
1.844263029883703 -3.023150123663118 3.000000000000000 -2.231253289401202 1.000000000000000E-002
0.674003350553305 -3.692295288994550 1.844263029883703 -2.882029906209234 3.333333333333333E-001
0.100000000000000 -4.172861381799946 0.674003350553305 -3.023150123663118 2.000000000000000E-001
0.674003350553305 -4.172861381799946 1.844263029883703 -3.692295288994550 1.000000000000000E-001
1.844263029883703 -4.172861381799946 3.000000000000000 -3.023150123663118 1.000000000000000E-001
0.100000000000000 -6.000000000000000 3.000000000000000 -4.172861381799946 2.500000000000000E-001
