0.000100000000000 -6.000000000000000 0.100000000000000 0.000000000000000 5.000000000000000E-001
0.100000000000000 -2.275665891003253 3.000000000000000 0.000000000000000 5.000000000000000E-002
0.100000000000000 -3.037591011370300 0.631779454899283 -2.275665891003253 3.333333333333333E-002
0.631779454899283 -2.867081420226251 1.889943780958991 -2.275665891003253 1.000000000000000E-002
1.889943780958991 -3.037591011370300 3.000000000000000 -2.275665891003253 1.000000000000000E-002
0.631779454899283 -3.700272186377643 1.889943780958991 -2.867081420226251 3.333333333333333E-001
0.100000000000000 -4.128962513298940 0.631779454899283 -3.037591011370300 2.000000000000000E-001
0.631779454899283 -4.128962513298940 1.889943780958991 -3.700272186377643 1.000000000000000E-001
1.889943780958991 -4.128962513298940 3.000000000000000 -3.037591011370300 1.000000000000000E-001
0.100000000000000 -6.000000000000000 3.000000000000000 -4.128962513298940 2.500000000000000E-001
