0.000100000000000 -6.000000000000000 0.100000000000000 0.000000000000000 5.000000000000000E-001
0.100000000000000 -2.217038072197009 3.000000000000000 0.000000000000000 5.000000000000000E-002
0.100000000000000 -3.207880725763725 0.715311971100123 -2.217038072197009 3.333333333333333E-002
0.715311971100123 -2.964694562791862 1.790432109909329 -2.217038072197009 1.000000000000000E-002
1.790432109909329 -3.207880725763725 3.000000000000000 -2.217038072197009 1.000000000000000E-002
0.715311971100123 -3.544762056333608 1.790432109909329 -2.964694562791862 3.333333333333333E-001
0.100000000000000 -4.215068339471288 0.715311971100123 -3.207880725763725 2.000000000000000E-001
0.715311971100123 -4.215068339471288 1.790432109909329 -3.544762056333608 1.000000000000000E-001
1.790432109909329 -4.215068339471288 3.000000000000000 -3.207880725763725 1.000000000000000E-001
0.100000000000000 -6.000000000000000 3.000000000000000 -4.215068339471288 2.500000000000000E-001
