0.000100000000000 -6.000000000000000 0.100000000000000 0.000000000000000 5.000000000000000E-001
0.100000000000000 -2.052917525258676 3.000000000000000 0.000000000000000 5.000000000000000E-002
0.100000000000000 -3.000000000000000 1.034458500273259 -2.052917525258676 3.333333333333333E-002
1.034458500273259 -2.750000000000000 2.456094951757821 -2.052917525258676 1.000000000000000E-002
2.456094951757821 -3.000000000000000 3.000000000000000 -2.052917525258676 1.000000000000000E-002
1.034458500273259 -3.250000000000000 2.456094951757821 -2.750000000000000 3.333333333333333E-001
0.100000000000000 -4.106909008199628 1.034458500273259 -3.000000000000000 2.000000000000000E-001
1.034458500273259 -4.106909008199628 2.456094951757821 -3.250000000000000 1.000000000000000E-001
2.456094951757821 -4.106909008199628 3.000000000000000 -3.000000000000000 1.000000000000000E-001
0.100000000000000 -6.000000000000000 3.000000000000000 -4.106909008199628 2.500000000000000E-001
