0.000100000000000 -6.000000000000000 0.100000000000000 0.000000000000000 5.000000000000000E-001
0.100000000000000 -2.095456023779735 3.000000000000000 0.000000000000000 5.000000000000000E-002
0.100000000000000 -3.000000000000000 0.984044681669725 -2.095456023779735 3.333333333333333E-002
0.984044681669725 -2.750000000000000 1.891245849728973 -2.095456023779735 1.000000000000000E-002
1.891245849728973 -3.000000000000000 3.000000000000000 -2.095456023779735 1.000000000000000E-002
0.984044681669725 -3.250000000000000 1.891245849728973 -2.750000000000000 3.333333333333333E-001
0.100000000000000 -4.071009196977514 0.984044681669725 -3.000000000000000 2.000000000000000E-001
0.984044681669725 -4.071009196977514 1.891245849728973 -3.250000000000000 1.000000000000000E-001
1.891245849728973 -4.071009196977514 3.000000000000000 -3.000000000000000 1.000000000000000E-001
0.100000000000000 -6.000000000000000 3.000000000000000 -4.071009196977514 2.500000000000000E-001
