0.000100000000000 -6.000000000000000 0.100000000000000 0.000000000000000 5.000000000000000E-001
0.100000000000000 -2.296996731679159 3.000000000000000 0.000000000000000 5.000000000000000E-002
0.100000000000000 -3.000000000000000 0.793439537886693 -2.296996731679159 3.333333333333333E-002
0.793439537886693 -2.750000000000000 1.707245818937415 -2.296996731679159 1.000000000000000E-002
1.707245818937415 -3.000000000000000 3.000000000000000 -2.296996731679159 1.000000000000000E-002
0.793439537886693 -3.250000000000000 1.707245818937415 -2.750000000000000 3.333333333333333E-001
0.100000000000000 -4.244196758779688 0.793439537886693 -3.000000000000000 2.000000000000000E-001
0.793439537886693 -4.244196758779688 1.707245818937415 -3.250000000000000 1.000000000000000E-001
1.707245818937415 -4.244196758779688 3.000000000000000 -3.000000000000000 1.000000000000000E-001
0.100000000000000 -6.000000000000000 3.000000000000000 -4.244196758779688 2.500000000000000E-001
