0.000100000000000 -6.000000000000000 0.100000000000000 0.000000000000000 5.000000000000000E-001
0.100000000000000 -2.078913256286355 3.000000000000000 0.000000000000000 5.000000000000000E-002
0.100000000000000 -3.000000000000000 1.008579859134564 -2.078913256286355 3.333333333333333E-002
1.008579859134564 -2.750000000000000 2.063266898363427 -2.078913256286355 1.000000000000000E-002
2.063266898363427 -3.000000000000000 3.000000000000000 -2.078913256286355 1.000000000000000E-002
1.008579859134564 -3.250000000000000 2.063266898363427 -2.750000000000000 3.333333333333333E-001
0.100000000000000 -4.083122889615830 1.008579859134564 -3.000000000000000 2.000000000000000E-001
1.008579859134564 -4.083122889615830 2.063266898363427 -3.250000000000000 1.000000000000000E-001
2.063266898363427 -4.083122889615830 3.000000000000000 -3.000000000000000 1.000000000000000E-001
0.100000000000000 -6.000000000000000 3.000000000000000 -4.083122889615830 2.500000000000000E-001
