0.000100000000000 -6.000000000000000 0.100000000000000 0.000000000000000 5.000000000000000E-001
0.100000000000000 -2.064240106653653 3.000000000000000 0.000000000000000 5.000000000000000E-002
0.100000000000000 -3.000000000000000 1.030385261064725 -2.064240106653653 3.333333333333333E-002
1.030385261064725 -2.750000000000000 2.326646107153948 -2.064240106653653 1.000000000000000E-002
2.326646107153948 -3.000000000000000 3.000000000000000 -2.064240106653653 1.000000000000000E-002
1.030385261064725 -3.250000000000000 2.326646107153948 -2.750000000000000 3.333333333333333E-001
0.100000000000000 -4.103314680222339 1.030385261064725 -3.000000000000000 2.000000000000000E-001
1.030385261064725 -4.103314680222339 2.326646107153948 -3.250000000000000 1.000000000000000E-001
2.326646107153948 -4.103314680222339 3.000000000000000 -3.000000000000000 1.000000000000000E-001
0.100000000000000 -6.000000000000000 3.000000000000000 -4.103314680222339 2.500000000000000E-001
