0.000100000000000 -6.000000000000000 0.100000000000000 0.000000000000000 5.000000000000000E-001
0.100000000000000 -2.345351821549031 3.000000000000000 0.000000000000000 5.000000000000000E-002
0.100000000000000 -3.000000000000000 0.835277651082016 -2.345351821549031 3.333333333333333E-002
0.835277651082016 -2.750000000000000 1.662689629494410 -2.345351821549031 1.000000000000000E-002
1.662689629494410 -3.000000000000000 3.000000000000000 -2.345351821549031 1.000000000000000E-002
0.835277651082016 -3.250000000000000 1.662689629494410 -2.750000000000000 3.333333333333333E-001
0.100000000000000 -4.259281746469258 0.835277651082016 -3.000000000000000 2.000000000000000E-001
0.835277651082016 -4.259281746469258 1.662689629494410 -3.250000000000000 1.000000000000000E-001
1.662689629494410 -4.259281746469258 3.000000000000000 -3.000000000000000 1.000000000000000E-001
0.100000000000000 -6.000000000000000 3.000000000000000 -4.259281746469258 2.500000000000000E-001
