0.000100000000000 -6.000000000000000 0.100000000000000 0.000000000000000 5.000000000000000E-001
0.100000000000000 -2.026204802173758 3.000000000000000 0.000000000000000 5.000000000000000E-002
0.100000000000000 -3.000000000000000 1.034338435792426 -2.026204802173758 3.333333333333333E-002
1.034338435792426 -2.750000000000000 2.641991508053106 -2.026204802173758 1.000000000000000E-002
2.641991508053106 -3.000000000000000 3.000000000000000 -2.026204802173758 1.000000000000000E-002
1.034338435792426 -3.250000000000000 2.641991508053106 -2.750000000000000 3.333333333333333E-001
0.100000000000000 -4.123312365103840 1.034338435792426 -3.000000000000000 2.000000000000000E-001
1.034338435792426 -4.123312365103840 2.641991508053106 -3.250000000000000 1.000000000000000E-001
2.641991508053106 -4.123312365103840 3.000000000000000 -3.000000000000000 1.000000000000000E-001
0.100000000000000 -6.000000000000000 3.000000000000000 -4.123312365103840 2.500000000000000E-001
