0.000100000000000 -6.000000000000000 0.100000000000000 0.000000000000000 5.000000000000000E-001
0.100000000000000 -2.010152966627248 3.000000000000000 0.000000000000000 5.000000000000000E-002
0.100000000000000 -3.000000000000000 1.029021878299904 -2.010152966627248 3.333333333333333E-002
1.029021878299904 -2.750000000000000 2.594856026170070 -2.010152966627248 1.000000000000000E-002
2.594856026170070 -3.000000000000000 3.000000000000000 -2.010152966627248 1.000000000000000E-002
1.029021878299904 -3.250000000000000 2.594856026170070 -2.750000000000000 3.333333333333333E-001
0.100000000000000 -4.137396063456458 1.029021878299904 -3.000000000000000 2.000000000000000E-001
1.029021878299904 -4.137396063456458 2.594856026170070 -3.250000000000000 1.000000000000000E-001
2.594856026170070 -4.137396063456458 3.000000000000000 -3.000000000000000 1.000000000000000E-001
0.100000000000000 -6.000000000000000 3.000000000000000 -4.137396063456458 2.500000000000000E-001
