0.000100000000000 -6.000000000000000 0.100000000000000 0.000000000000000 5.000000000000000E-001
0.100000000000000 -2.059386490859962 3.000000000000000 0.000000000000000 5.000000000000000E-002
0.100000000000000 -3.000000000000000 1.033208963357763 -2.059386490859962 3.333333333333333E-002
1.033208963357763 -2.750000000000000 2.363713066339225 -2.059386490859962 1.000000000000000E-002
2.363713066339225 -3.000000000000000 3.000000000000000 -2.059386490859962 1.000000000000000E-002
1.033208963357763 -3.250000000000000 2.363713066339225 -2.750000000000000 3.333333333333333E-001
0.100000000000000 -4.094153758153713 1.033208963357763 -3.000000000000000 2.000000000000000E-001
1.033208963357763 -4.094153758153713 2.363713066339225 -3.250000000000000 1.000000000000000E-001
2.363713066339225 -4.094153758153713 3.000000000000000 -3.000000000000000 1.000000000000000E-001
0.100000000000000 -6.000000000000000 3.000000000000000 -4.094153758153713 2.500000000000000E-001
