0.000100000000000 -6.000000000000000 0.100000000000000 0.000000000000000 5.000000000000000E-001
0.100000000000000 -2.051312525635652 3.000000000000000 0.000000000000000 5.000000000000000E-002
0.100000000000000 -3.000000000000000 1.037278368787359 -2.051312525635652 3.333333333333333E-002
1.037278368787359 -2.750000000000000 2.411315395990999 -2.051312525635652 1.000000000000000E-002
2.411315395990999 -3.000000000000000 3.000000000000000 -2.051312525635652 1.000000000000000E-002
1.037278368787359 -3.250000000000000 2.411315395990999 -2.750000000000000 3.333333333333333E-001
0.100000000000000 -4.085194885659527 1.037278368787359 -3.000000000000000 2.000000000000000E-001
1.037278368787359 -4.085194885659527 2.411315395990999 -3.250000000000000 1.000000000000000E-001
2.411315395990999 -4.085194885659527 3.000000000000000 -3.000000000000000 1.000000000000000E-001
0.100000000000000 -6.000000000000000 3.000000000000000 -4.085194885659527 2.500000000000000E-001
