0.000100000000000 -6.000000000000000 0.100000000000000 0.000000000000000 5.000000000000000E-001
0.100000000000000 -2.024877983142492 3.000000000000000 0.000000000000000 5.000000000000000E-002
0.100000000000000 -3.000000000000000 1.032330227098348 -2.024877983142492 3.333333333333333E-002
1.032330227098348 -2.750000000000000 2.548871051903407 -2.024877983142492 1.000000000000000E-002
2.548871051903407 -3.000000000000000 3.000000000000000 -2.024877983142492 1.000000000000000E-002
1.032330227098348 -3.250000000000000 2.548871051903407 -2.750000000000000 3.333333333333333E-001
0.100000000000000 -4.126179796453933 1.032330227098348 -3.000000000000000 2.000000000000000E-001
1.032330227098348 -4.126179796453933 2.548871051903407 -3.250000000000000 1.000000000000000E-001
2.548871051903407 -4.126179796453933 3.000000000000000 -3.000000000000000 1.000000000000000E-001
0.100000000000000 -6.000000000000000 3.000000000000000 -4.126179796453933 2.500000000000000E-001
