0.000100000000000 -6.000000000000000 0.100000000000000 0.000000000000000 5.000000000000000E-001
0.100000000000000 -2.136674468655883 3.000000000000000 0.000000000000000 5.000000000000000E-002
0.100000000000000 -3.000000000000000 1.063611175955427 -2.136674468655883 3.333333333333333E-002
1.063611175955427 -2.750000000000000 2.609601098334161 -2.136674468655883 1.000000000000000E-002
2.609601098334161 -3.000000000000000 3.000000000000000 -2.136674468655883 1.000000000000000E-002
1.063611175955427 -3.250000000000000 2.609601098334161 -2.750000000000000 3.333333333333333E-001
0.100000000000000 -4.059335079358091 1.063611175955427 -3.000000000000000 2.000000000000000E-001
1.063611175955427 -4.059335079358091 2.609601098334161 -3.250000000000000 1.000000000000000E-001
2.609601098334161 -4.059335079358091 3.000000000000000 -3.000000000000000 1.000000000000000E-001
0.100000000000000 -6.000000000000000 3.000000000000000 -4.059335079358091 2.500000000000000E-001
