0.000100000000000 -6.000000000000000 0.100000000000000 0.000000000000000 5.000000000000000E-001
0.100000000000000 -2.170481576576061 3.000000000000000 0.000000000000000 5.000000000000000E-002
0.100000000000000 -3.000000000000000 0.951492440960864 -2.170481576576061 3.333333333333333E-002
0.951492440960864 -2.750000000000000 1.721800602483629 -2.170481576576061 1.000000000000000E-002
1.721800602483629 -3.000000000000000 3.000000000000000 -2.170481576576061 1.000000000000000E-002
0.951492440960864 -3.250000000000000 1.721800602483629 -2.750000000000000 3.333333333333333E-001
0.100000000000000 -4.134164120300547 0.951492440960864 -3.000000000000000 2.000000000000000E-001
0.951492440960864 -4.134164120300547 1.721800602483629 -3.250000000000000 1.000000000000000E-001
1.721800602483629 -4.134164120300547 3.000000000000000 -3.000000000000000 1.000000000000000E-001
0.100000000000000 -6.000000000000000 3.000000000000000 -4.134164120300547 2.500000000000000E-001
