0.000100000000000 -6.000000000000000 0.100000000000000 0.000000000000000 5.000000000000000E-001
0.100000000000000 -2.079368332704669 3.000000000000000 0.000000000000000 5.000000000000000E-002
0.100000000000000 -3.000000000000000 1.002781751017646 -2.079368332704669 3.333333333333333E-002
1.002781751017646 -2.750000000000000 2.019986605284812 -2.079368332704669 1.000000000000000E-002
2.019986605284812 -3.000000000000000 3.000000000000000 -2.079368332704669 1.000000000000000E-002
1.002781751017646 -3.250000000000000 2.019986605284812 -2.750000000000000 3.333333333333333E-001
0.100000000000000 -4.079918397910158 1.002781751017646 -3.000000000000000 2.000000000000000E-001
1.002781751017646 -4.079918397910158 2.019986605284812 -3.250000000000000 1.000000000000000E-001
2.019986605284812 -4.079918397910158 3.000000000000000 -3.000000000000000 1.000000000000000E-001
0.100000000000000 -6.000000000000000 3.000000000000000 -4.079918397910158 2.500000000000000E-001
