0.000100000000000 -6.000000000000000 0.100000000000000 0.000000000000000 5.000000000000000E-001
0.100000000000000 -2.092679805101715 3.000000000000000 0.000000000000000 5.000000000000000E-002
0.100000000000000 -3.000000000000000 1.000909772875539 -2.092679805101715 3.333333333333333E-002
1.000909772875539 -2.750000000000000 1.977353453493460 -2.092679805101715 1.000000000000000E-002
1.977353453493460 -3.000000000000000 3.000000000000000 -2.092679805101715 1.000000000000000E-002
1.000909772875539 -3.250000000000000 1.977353453493460 -2.750000000000000 3.333333333333333E-001
0.100000000000000 -4.063307707894853 1.000909772875539 -3.000000000000000 2.000000000000000E-001
1.000909772875539 -4.063307707894853 1.977353453493460 -3.250000000000000 1.000000000000000E-001
1.977353453493460 -4.063307707894853 3.000000000000000 -3.000000000000000 1.000000000000000E-001
0.100000000000000 -6.000000000000000 3.000000000000000 -4.063307707894853 2.500000000000000E-001
