0.000100000000000 -6.000000000000000 0.100000000000000 0.000000000000000 5.000000000000000E-001
0.100000000000000 -2.212473135142474 3.000000000000000 0.000000000000000 5.000000000000000E-002
0.100000000000000 -3.000000000000000 0.944603494191122 -2.212473135142474 3.333333333333333E-002
0.944603494191122 -2.750000000000000 1.685572191940387 -2.212473135142474 1.000000000000000E-002
1.685572191940387 -3.000000000000000 3.000000000000000 -2.212473135142474 1.000000000000000E-002
0.944603494191122 -3.250000000000000 1.685572191940387 -2.750000000000000 3.333333333333333E-001
0.100000000000000 -4.180559467215756 0.944603494191122 -3.000000000000000 2.000000000000000E-001
0.944603494191122 -4.180559467215756 1.685572191940387 -3.250000000000000 1.000000000000000E-001
1.685572191940387 -4.180559467215756 3.000000000000000 -3.000000000000000 1.000000000000000E-001
0.100000000000000 -6.000000000000000 3.000000000000000 -4.180559467215756 2.500000000000000E-001
