0.000100000000000 -6.000000000000000 0.100000000000000 0.000000000000000 5.000000000000000E-001
0.100000000000000 -2.073484180281171 3.000000000000000 0.000000000000000 5.000000000000000E-002
0.100000000000000 -3.000000000000000 1.018237443247128 -2.073484180281171 3.333333333333333E-002
1.018237443247128 -2.750000000000000 2.156995974186672 -2.073484180281171 1.000000000000000E-002
2.156995974186672 -3.000000000000000 3.000000000000000 -2.073484180281171 1.000000000000000E-002
1.018237443247128 -3.250000000000000 2.156995974186672 -2.750000000000000 3.333333333333333E-001
0.100000000000000 -4.090069549504825 1.018237443247128 -3.000000000000000 2.000000000000000E-001
1.018237443247128 -4.090069549504825 2.156995974186672 -3.250000000000000 1.000000000000000E-001
2.156995974186672 -4.090069549504825 3.000000000000000 -3.000000000000000 1.000000000000000E-001
0.100000000000000 -6.000000000000000 3.000000000000000 -4.090069549504825 2.500000000000000E-001
