0.000100000000000 -6.000000000000000 0.100000000000000 0.000000000000000 5.000000000000000E-001
0.100000000000000 -2.063385846038069 3.000000000000000 0.000000000000000 5.000000000000000E-002
0.100000000000000 -3.000000000000000 1.024440494316344 -2.063385846038069 3.333333333333333E-002
1.024440494316344 -2.750000000000000 2.244059301351438 -2.063385846038069 1.000000000000000E-002
2.244059301351438 -3.000000000000000 3.000000000000000 -2.063385846038069 1.000000000000000E-002
1.024440494316344 -3.250000000000000 2.244059301351438 -2.750000000000000 3.333333333333333E-001
0.100000000000000 -4.099940047620674 1.024440494316344 -3.000000000000000 2.000000000000000E-001
1.024440494316344 -4.099940047620674 2.244059301351438 -3.250000000000000 1.000000000000000E-001
2.244059301351438 -4.099940047620674 3.000000000000000 -3.000000000000000 1.000000000000000E-001
0.100000000000000 -6.000000000000000 3.000000000000000 -4.099940047620674 2.500000000000000E-001
