0.000100000000000 -6.000000000000000 0.100000000000000 0.000000000000000 5.000000000000000E-001
0.100000000000000 -2.256072860454980 3.000000000000000 0.000000000000000 5.000000000000000E-002
0.100000000000000 -3.000000000000000 0.924029906067714 -2.256072860454980 3.333333333333333E-002
0.924029906067714 -2.750000000000000 1.651280025688948 -2.256072860454980 1.000000000000000E-002
1.651280025688948 -3.000000000000000 3.000000000000000 -2.256072860454980 1.000000000000000E-002
0.924029906067714 -3.250000000000000 1.651280025688948 -2.750000000000000 3.333333333333333E-001
0.100000000000000 -4.223167234589833 0.924029906067714 -3.000000000000000 2.000000000000000E-001
0.924029906067714 -4.223167234589833 1.651280025688948 -3.250000000000000 1.000000000000000E-001
1.651280025688948 -4.223167234589833 3.000000000000000 -3.000000000000000 1.000000000000000E-001
0.100000000000000 -6.000000000000000 3.000000000000000 -4.223167234589833 2.500000000000000E-001
