0.000100000000000 -6.000000000000000 0.100000000000000 0.000000000000000 5.000000000000000E-001
0.100000000000000 -2.111166772164465 3.000000000000000 0.000000000000000 5.000000000000000E-002
0.100000000000000 -3.000000000000000 0.967167920772262 -2.111166772164465 3.333333333333333E-002
0.967167920772262 -2.750000000000000 1.812129917689075 -2.111166772164465 1.000000000000000E-002
1.812129917689075 -3.000000000000000 3.000000000000000 -2.111166772164465 1.000000000000000E-002
0.967167920772262 -3.250000000000000 1.812129917689075 -2.750000000000000 3.333333333333333E-001
0.100000000000000 -4.082975506486332 0.967167920772262 -3.000000000000000 2.000000000000000E-001
0.967167920772262 -4.082975506486332 1.812129917689075 -3.250000000000000 1.000000000000000E-001
1.812129917689075 -4.082975506486332 3.000000000000000 -3.000000000000000 1.000000000000000E-001
0.100000000000000 -6.000000000000000 3.000000000000000 -4.082975506486332 2.500000000000000E-001
