0.000100000000000 -6.000000000000000 0.100000000000000 0.000000000000000 5.000000000000000E-001
0.100000000000000 -2.098116794301822 3.000000000000000 0.000000000000000 5.000000000000000E-002
0.100000000000000 -3.000000000000000 0.975616188019970 -2.098116794301822 3.333333333333333E-002
0.975616188019970 -2.750000000000000 1.852999017449868 -2.098116794301822 1.000000000000000E-002
1.852999017449868 -3.000000000000000 3.000000000000000 -2.098116794301822 1.000000000000000E-002
0.975616188019970 -3.250000000000000 1.852999017449868 -2.750000000000000 3.333333333333333E-001
0.100000000000000 -4.076992229192281 0.975616188019970 -3.000000000000000 2.000000000000000E-001
0.975616188019970 -4.076992229192281 1.852999017449868 -3.250000000000000 1.000000000000000E-001
1.852999017449868 -4.076992229192281 3.000000000000000 -3.000000000000000 1.000000000000000E-001
0.100000000000000 -6.000000000000000 3.000000000000000 -4.076992229192281 2.500000000000000E-001
