0.000100000000000 -6.000000000000000 0.100000000000000 0.000000000000000 5.000000000000000E-001
0.100000000000000 -2.122611885158398 3.000000000000000 0.000000000000000 5.000000000000000E-002
0.100000000000000 -3.000000000000000 1.059190218389570 -2.122611885158398 3.333333333333333E-002
1.059190218389570 -2.750000000000000 2.567383392342897 -2.122611885158398 1.000000000000000E-002
2.567383392342897 -3.000000000000000 3.000000000000000 -2.122611885158398 1.000000000000000E-002
1.059190218389570 -3.250000000000000 2.567383392342897 -2.750000000000000 3.333333333333333E-001
0.100000000000000 -4.062497803545648 1.059190218389570 -3.000000000000000 2.000000000000000E-001
1.059190218389570 -4.062497803545648 2.567383392342897 -3.250000000000000 1.000000000000000E-001
2.567383392342897 -4.062497803545648 3.000000000000000 -3.000000000000000 1.000000000000000E-001
0.100000000000000 -6.000000000000000 3.000000000000000 -4.062497803545648 2.500000000000000E-001
