0.000100000000000 -6.000000000000000 0.100000000000000 0.000000000000000 5.000000000000000E-001
0.100000000000000 -2.069173096114753 3.000000000000000 0.000000000000000 5.000000000000000E-002
0.100000000000000 -3.000000000000000 1.029539881210623 -2.069173096114753 3.333333333333333E-002
1.029539881210623 -2.750000000000000 2.280655143338827 -2.069173096114753 1.000000000000000E-002
2.280655143338827 -3.000000000000000 3.000000000000000 -2.069173096114753 1.000000000000000E-002
1.029539881210623 -3.250000000000000 2.280655143338827 -2.750000000000000 3.333333333333333E-001
0.100000000000000 -4.088745123768700 1.029539881210623 -3.000000000000000 2.000000000000000E-001
1.029539881210623 -4.088745123768700 2.280655143338827 -3.250000000000000 1.000000000000000E-001
2.280655143338827 -4.088745123768700 3.000000000000000 -3.000000000000000 1.000000000000000E-001
0.100000000000000 -6.000000000000000 3.000000000000000 -4.088745123768700 2.500000000000000E-001
