0.000100000000000 -6.000000000000000 0.100000000000000 0.000000000000000 5.000000000000000E-001
0.100000000000000 -2.088325017391031 3.000000000000000 0.000000000000000 5.000000000000000E-002
0.100000000000000 -3.000000000000000 0.991192903451404 -2.088325017391031 3.333333333333333E-002
0.991192903451404 -2.750000000000000 1.927539539157558 -2.088325017391031 1.000000000000000E-002
1.927539539157558 -3.000000000000000 3.000000000000000 -2.088325017391031 1.000000000000000E-002
0.991192903451404 -3.250000000000000 1.927539539157558 -2.750000000000000 3.333333333333333E-001
0.100000000000000 -4.064651751128014 0.991192903451404 -3.000000000000000 2.000000000000000E-001
0.991192903451404 -4.064651751128014 1.927539539157558 -3.250000000000000 1.000000000000000E-001
1.927539539157558 -4.064651751128014 3.000000000000000 -3.000000000000000 1.000000000000000E-001
0.100000000000000 -6.000000000000000 3.000000000000000 -4.064651751128014 2.500000000000000E-001
