0.000100000000000 -6.000000000000000 0.100000000000000 0.000000000000000 5.000000000000000E-001
0.100000000000000 -2.069077160180300 3.000000000000000 0.000000000000000 5.000000000000000E-002
0.100000000000000 -3.000000000000000 1.023409681434224 -2.069077160180300 3.333333333333333E-002
1.023409681434224 -2.750000000000000 2.204213454111740 -2.069077160180300 1.000000000000000E-002
2.204213454111740 -3.000000000000000 3.000000000000000 -2.069077160180300 1.000000000000000E-002
1.023409681434224 -3.250000000000000 2.204213454111740 -2.750000000000000 3.333333333333333E-001
0.100000000000000 -4.085553323144349 1.023409681434224 -3.000000000000000 2.000000000000000E-001
1.023409681434224 -4.085553323144349 2.204213454111740 -3.250000000000000 1.000000000000000E-001
2.204213454111740 -4.085553323144349 3.000000000000000 -3.000000000000000 1.000000000000000E-001
0.100000000000000 -6.000000000000000 3.000000000000000 -4.085553323144349 2.500000000000000E-001
