0.000100000000000 -6.000000000000000 0.100000000000000 0.000000000000000 5.000000000000000E-001
0.100000000000000 -2.139764397673413 3.000000000000000 0.000000000000000 5.000000000000000E-002
0.100000000000000 -3.000000000000000 0.959040734848211 -2.139764397673413 3.333333333333333E-002
0.959040734848211 -2.750000000000000 1.769435726662852 -2.139764397673413 1.000000000000000E-002
1.769435726662852 -3.000000000000000 3.000000000000000 -2.139764397673413 1.000000000000000E-002
0.959040734848211 -3.250000000000000 1.769435726662852 -2.750000000000000 3.333333333333333E-001
0.100000000000000 -4.095596545689165 0.959040734848211 -3.000000000000000 2.000000000000000E-001
0.959040734848211 -4.095596545689165 1.769435726662852 -3.250000000000000 1.000000000000000E-001
1.769435726662852 -4.095596545689165 3.000000000000000 -3.000000000000000 1.000000000000000E-001
0.100000000000000 -6.000000000000000 3.000000000000000 -4.095596545689165 2.500000000000000E-001
