0.000100000000000 -6.000000000000000 0.100000000000000 0.000000000000000 5.000000000000000E-001
0.100000000000000 -2.192659579226049 3.000000000000000 0.000000000000000 5.000000000000000E-002
0.100000000000000 -3.004085371785683 1.000000000000000 -2.192659579226049 3.333333333333333E-002
1.000000000000000 -2.769870621488250 2.000000000000000 -2.192659579226049 1.000000000000000E-002
2.000000000000000 -3.004085371785683 3.000000000000000 -2.192659579226049 1.000000000000000E-002
1.000000000000000 -3.265153060510580 2.000000000000000 -2.769870621488250 3.333333333333333E-001
0.100000000000000 -4.020593580472003 1.000000000000000 -3.004085371785683 2.000000000000000E-001
1.000000000000000 -4.020593580472003 2.000000000000000 -3.265153060510580 1.000000000000000E-001
2.000000000000000 -4.020593580472003 3.000000000000000 -3.004085371785683 1.000000000000000E-001
0.100000000000000 -6.000000000000000 3.000000000000000 -4.020593580472003 2.500000000000000E-001
