0.000100000000000 -6.000000000000000 0.100000000000000 0.000000000000000 5.000000000000000E-001
0.100000000000000 -2.362704554931372 3.000000000000000 0.000000000000000 5.000000000000000E-002
0.100000000000000 -3.002983570862326 1.000000000000000 -2.362704554931372 3.333333333333333E-002
1.000000000000000 -2.801110824292837 2.000000000000000 -2.362704554931372 1.000000000000000E-002
2.000000000000000 -3.002983570862326 3.000000000000000 -2.362704554931372 1.000000000000000E-002
1.000000000000000 -3.263560748622312 2.000000000000000 -2.801110824292837 3.333333333333333E-001
0.100000000000000 -3.958836322251817 1.000000000000000 -3.002983570862326 2.000000000000000E-001
1.000000000000000 -3.958836322251817 2.000000000000000 -3.263560748622312 1.000000000000000E-001
2.000000000000000 -3.958836322251817 3.000000000000000 -3.002983570862326 1.000000000000000E-001
0.100000000000000 -6.000000000000000 3.000000000000000 -3.958836322251817 2.500000000000000E-001
