0.000100000000000 -6.000000000000000 0.100000000000000 0.000000000000000 5.000000000000000E-001
0.100000000000000 -2.056411066540841 3.000000000000000 0.000000000000000 5.000000000000000E-002
0.100000000000000 -3.002572370430244 1.000000000000000 -2.056411066540841 3.333333333333333E-002
1.000000000000000 -2.746451054801486 2.000000000000000 -2.056411066540841 1.000000000000000E-002
2.000000000000000 -3.002572370430244 3.000000000000000 -2.056411066540841 1.000000000000000E-002
1.000000000000000 -3.242182203500330 2.000000000000000 -2.746451054801486 3.333333333333333E-001
0.100000000000000 -4.018291609402820 1.000000000000000 -3.002572370430244 2.000000000000000E-001
1.000000000000000 -4.018291609402820 2.000000000000000 -3.242182203500330 1.000000000000000E-001
2.000000000000000 -4.018291609402820 3.000000000000000 -3.002572370430244 1.000000000000000E-001
0.100000000000000 -6.000000000000000 3.000000000000000 -4.018291609402820 2.500000000000000E-001
