0.000100000000000 -6.000000000000000 0.100000000000000 0.000000000000000 5.000000000000000E-001
0.100000000000000 -2.056628075362405 3.000000000000000 0.000000000000000 5.000000000000000E-002
0.100000000000000 -3.001189950225135 1.000000000000000 -2.056628075362405 3.333333333333333E-002
1.000000000000000 -2.746652280346207 2.000000000000000 -2.056628075362405 1.000000000000000E-002
2.000000000000000 -3.001189950225135 3.000000000000000 -2.056628075362405 1.000000000000000E-002
1.000000000000000 -3.244770698608785 2.000000000000000 -2.746652280346207 3.333333333333333E-001
0.100000000000000 -4.000890769845875 1.000000000000000 -3.001189950225135 2.000000000000000E-001
1.000000000000000 -4.000890769845875 2.000000000000000 -3.244770698608785 1.000000000000000E-001
2.000000000000000 -4.000890769845875 3.000000000000000 -3.001189950225135 1.000000000000000E-001
0.100000000000000 -6.000000000000000 3.000000000000000 -4.000890769845875 2.500000000000000E-001
