0.000100000000000 -6.000000000000000 0.100000000000000 0.000000000000000 5.000000000000000E-001
0.100000000000000 -2.397447086006582 3.000000000000000 0.000000000000000 5.000000000000000E-002
0.100000000000000 -3.006242382434495 1.000000000000000 -2.397447086006582 3.333333333333333E-002
1.000000000000000 -2.791844618508819 2.000000000000000 -2.397447086006582 1.000000000000000E-002
2.000000000000000 -3.006242382434495 3.000000000000000 -2.397447086006582 1.000000000000000E-002
1.000000000000000 -3.302068694303041 2.000000000000000 -2.791844618508819 3.333333333333333E-001
0.100000000000000 -4.058213510690330 1.000000000000000 -3.006242382434495 2.000000000000000E-001
1.000000000000000 -4.058213510690330 2.000000000000000 -3.302068694303041 1.000000000000000E-001
2.000000000000000 -4.058213510690330 3.000000000000000 -3.006242382434495 1.000000000000000E-001
0.100000000000000 -6.000000000000000 3.000000000000000 -4.058213510690330 2.500000000000000E-001
