0.000100000000000 -6.000000000000000 0.100000000000000 0.000000000000000 5.000000000000000E-001
0.100000000000000 -2.254036845618068 3.000000000000000 0.000000000000000 5.000000000000000E-002
0.100000000000000 -3.002038628827342 1.000000000000000 -2.254036845618068 3.333333333333333E-002
1.000000000000000 -2.769063513711996 2.000000000000000 -2.254036845618068 1.000000000000000E-002
2.000000000000000 -3.002038628827342 3.000000000000000 -2.254036845618068 1.000000000000000E-002
1.000000000000000 -3.238768983575288 2.000000000000000 -2.769063513711996 3.333333333333333E-001
0.100000000000000 -3.961009386250808 1.000000000000000 -3.002038628827342 2.000000000000000E-001
1.000000000000000 -3.961009386250808 2.000000000000000 -3.238768983575288 1.000000000000000E-001
2.000000000000000 -3.961009386250808 3.000000000000000 -3.002038628827342 1.000000000000000E-001
0.100000000000000 -6.000000000000000 3.000000000000000 -3.961009386250808 2.500000000000000E-001
