0.000100000000000 -6.000000000000000 0.100000000000000 0.000000000000000 5.000000000000000E-001
0.100000000000000 -2.349096523191859 3.000000000000000 0.000000000000000 5.000000000000000E-002
0.100000000000000 -3.006480079091727 1.000000000000000 -2.349096523191859 3.333333333333333E-002
1.000000000000000 -2.794855914088910 2.000000000000000 -2.349096523191859 1.000000000000000E-002
2.000000000000000 -3.006480079091727 3.000000000000000 -2.349096523191859 1.000000000000000E-002
1.000000000000000 -3.289923632938829 2.000000000000000 -2.794855914088910 3.333333333333333E-001
0.100000000000000 -4.039669008615309 1.000000000000000 -3.006480079091727 2.000000000000000E-001
1.000000000000000 -4.039669008615309 2.000000000000000 -3.289923632938829 1.000000000000000E-001
2.000000000000000 -4.039669008615309 3.000000000000000 -3.006480079091727 1.000000000000000E-001
0.100000000000000 -6.000000000000000 3.000000000000000 -4.039669008615309 2.500000000000000E-001
