0.000100000000000 -6.000000000000000 0.100000000000000 0.000000000000000 5.000000000000000E-001
0.100000000000000 -2.151969691405849 3.000000000000000 0.000000000000000 5.000000000000000E-002
0.100000000000000 -3.002958189987952 1.000000000000000 -2.151969691405849 3.333333333333333E-002
1.000000000000000 -2.853751925311583 2.000000000000000 -2.151969691405849 1.000000000000000E-002
2.000000000000000 -3.002958189987952 3.000000000000000 -2.151969691405849 1.000000000000000E-002
1.000000000000000 -3.611088105391139 2.000000000000000 -2.853751925311583 3.333333333333333E-001
0.100000000000000 -4.343139651616680 1.000000000000000 -3.002958189987952 2.000000000000000E-001
1.000000000000000 -4.343139651616680 2.000000000000000 -3.611088105391139 1.000000000000000E-001
2.000000000000000 -4.343139651616680 3.000000000000000 -3.002958189987952 1.000000000000000E-001
0.100000000000000 -6.000000000000000 3.000000000000000 -4.343139651616680 2.500000000000000E-001
