0.000100000000000 -6.000000000000000 0.100000000000000 0.000000000000000 5.000000000000000E-001
0.100000000000000 -2.372005823637539 3.000000000000000 0.000000000000000 5.000000000000000E-002
0.100000000000000 -3.006595935180534 1.000000000000000 -2.372005823637539 3.333333333333333E-002
1.000000000000000 -2.808627723126430 2.000000000000000 -2.372005823637539 1.000000000000000E-002
2.000000000000000 -3.006595935180534 3.000000000000000 -2.372005823637539 1.000000000000000E-002
1.000000000000000 -3.287410694972748 2.000000000000000 -2.808627723126430 3.333333333333333E-001
0.100000000000000 -4.020152835957090 1.000000000000000 -3.006595935180534 2.000000000000000E-001
1.000000000000000 -4.020152835957090 2.000000000000000 -3.287410694972748 1.000000000000000E-001
2.000000000000000 -4.020152835957090 3.000000000000000 -3.006595935180534 1.000000000000000E-001
0.100000000000000 -6.000000000000000 3.000000000000000 -4.020152835957090 2.500000000000000E-001
