0.000100000000000 -6.000000000000000 0.100000000000000 0.000000000000000 5.000000000000000E-001
0.100000000000000 -2.340037894240185 3.000000000000000 0.000000000000000 5.000000000000000E-002
0.100000000000000 -3.016146188510453 1.000000000000000 -2.340037894240185 3.333333333333333E-002
1.000000000000000 -2.750047139426053 2.000000000000000 -2.340037894240185 1.000000000000000E-002
2.000000000000000 -3.016146188510453 3.000000000000000 -2.340037894240185 1.000000000000000E-002
1.000000000000000 -3.341515722052754 2.000000000000000 -2.750047139426053 3.333333333333333E-001
0.100000000000000 -4.083818270200900 1.000000000000000 -3.016146188510453 2.000000000000000E-001
1.000000000000000 -4.083818270200900 2.000000000000000 -3.341515722052754 1.000000000000000E-001
2.000000000000000 -4.083818270200900 3.000000000000000 -3.016146188510453 1.000000000000000E-001
0.100000000000000 -6.000000000000000 3.000000000000000 -4.083818270200900 2.500000000000000E-001
