0.000100000000000 -6.000000000000000 0.100000000000000 0.000000000000000 5.000000000000000E-001
0.100000000000000 -2.323075961385312 3.000000000000000 0.000000000000000 5.000000000000000E-002
0.100000000000000 -3.004774075669649 1.000000000000000 -2.323075961385312 3.333333333333333E-002
1.000000000000000 -2.800325139265289 2.000000000000000 -2.323075961385312 1.000000000000000E-002
2.000000000000000 -3.004774075669649 3.000000000000000 -2.323075961385312 1.000000000000000E-002
1.000000000000000 -3.292382130041930 2.000000000000000 -2.800325139265289 3.333333333333333E-001
0.100000000000000 -4.026358487985370 1.000000000000000 -3.004774075669649 2.000000000000000E-001
1.000000000000000 -4.026358487985370 2.000000000000000 -3.292382130041930 1.000000000000000E-001
2.000000000000000 -4.026358487985370 3.000000000000000 -3.004774075669649 1.000000000000000E-001
0.100000000000000 -6.000000000000000 3.000000000000000 -4.026358487985370 2.500000000000000E-001
