0.000100000000000 -6.000000000000000 0.100000000000000 0.000000000000000 5.000000000000000E-001
0.100000000000000 -2.302386224102490 3.000000000000000 0.000000000000000 5.000000000000000E-002
0.100000000000000 -3.015397609824125 1.000000000000000 -2.302386224102490 3.333333333333333E-002
1.000000000000000 -2.749410567902139 2.000000000000000 -2.302386224102490 1.000000000000000E-002
2.000000000000000 -3.015397609824125 3.000000000000000 -2.302386224102490 1.000000000000000E-002
1.000000000000000 -3.355243648204187 2.000000000000000 -2.749410567902139 3.333333333333333E-001
0.100000000000000 -4.126795269807330 1.000000000000000 -3.015397609824125 2.000000000000000E-001
1.000000000000000 -4.126795269807330 2.000000000000000 -3.355243648204187 1.000000000000000E-001
2.000000000000000 -4.126795269807330 3.000000000000000 -3.015397609824125 1.000000000000000E-001
0.100000000000000 -6.000000000000000 3.000000000000000 -4.126795269807330 2.500000000000000E-001
