0.000100000000000 -6.000000000000000 0.100000000000000 0.000000000000000 5.000000000000000E-001
0.100000000000000 -1.998598975733312 3.000000000000000 0.000000000000000 5.000000000000000E-002
0.100000000000000 -3.005855346358405 1.000000000000000 -1.998598975733312 3.333333333333333E-002
1.000000000000000 -2.770323903475119 2.000000000000000 -1.998598975733312 1.000000000000000E-002
2.000000000000000 -3.005855346358405 3.000000000000000 -1.998598975733312 1.000000000000000E-002
1.000000000000000 -3.486470083209852 2.000000000000000 -2.770323903475119 3.333333333333333E-001
0.100000000000000 -4.086719033004622 1.000000000000000 -3.005855346358405 2.000000000000000E-001
1.000000000000000 -4.086719033004622 2.000000000000000 -3.486470083209852 1.000000000000000E-001
2.000000000000000 -4.086719033004622 3.000000000000000 -3.005855346358405 1.000000000000000E-001
0.100000000000000 -6.000000000000000 3.000000000000000 -4.086719033004622 2.500000000000000E-001
