0.000100000000000 -6.000000000000000 0.100000000000000 0.000000000000000 5.000000000000000E-001
0.100000000000000 -2.340997967497292 3.000000000000000 0.000000000000000 5.000000000000000E-002
0.100000000000000 -3.005879957738205 1.000000000000000 -2.340997967497292 3.333333333333333E-002
1.000000000000000 -2.806968014201649 2.000000000000000 -2.340997967497292 1.000000000000000E-002
2.000000000000000 -3.005879957738205 3.000000000000000 -2.340997967497292 1.000000000000000E-002
1.000000000000000 -3.286405187529730 2.000000000000000 -2.806968014201649 3.333333333333333E-001
0.100000000000000 -4.018581925386776 1.000000000000000 -3.005879957738205 2.000000000000000E-001
1.000000000000000 -4.018581925386776 2.000000000000000 -3.286405187529730 1.000000000000000E-001
2.000000000000000 -4.018581925386776 3.000000000000000 -3.005879957738205 1.000000000000000E-001
0.100000000000000 -6.000000000000000 3.000000000000000 -4.018581925386776 2.500000000000000E-001
