0.000100000000000 -6.000000000000000 0.100000000000000 0.000000000000000 5.000000000000000E-001
0.100000000000000 -2.147840411071440 3.000000000000000 0.000000000000000 5.000000000000000E-002
0.100000000000000 -3.003586096599415 1.000000000000000 -2.147840411071440 3.333333333333333E-002
1.000000000000000 -2.765901822992864 2.000000000000000 -2.147840411071440 1.000000000000000E-002
2.000000000000000 -3.003586096599415 3.000000000000000 -2.147840411071440 1.000000000000000E-002
1.000000000000000 -3.261608803976923 2.000000000000000 -2.765901822992864 3.333333333333333E-001
0.100000000000000 -4.016623666160792 1.000000000000000 -3.003586096599415 2.000000000000000E-001
1.000000000000000 -4.016623666160792 2.000000000000000 -3.261608803976923 1.000000000000000E-001
2.000000000000000 -4.016623666160792 3.000000000000000 -3.003586096599415 1.000000000000000E-001
0.100000000000000 -6.000000000000000 3.000000000000000 -4.016623666160792 2.500000000000000E-001
