0.000100000000000 -6.000000000000000 0.100000000000000 0.000000000000000 5.000000000000000E-001
0.100000000000000 -2.389368525226149 3.000000000000000 0.000000000000000 5.000000000000000E-002
0.100000000000000 -3.003285316992814 1.000000000000000 -2.389368525226149 3.333333333333333E-002
1.000000000000000 -2.807587825107640 2.000000000000000 -2.389368525226149 1.000000000000000E-002
2.000000000000000 -3.003285316992814 3.000000000000000 -2.389368525226149 1.000000000000000E-002
1.000000000000000 -3.301231916439480 2.000000000000000 -2.807587825107640 3.333333333333333E-001
0.100000000000000 -4.018751463126105 1.000000000000000 -3.003285316992814 2.000000000000000E-001
1.000000000000000 -4.018751463126105 2.000000000000000 -3.301231916439480 1.000000000000000E-001
2.000000000000000 -4.018751463126105 3.000000000000000 -3.003285316992814 1.000000000000000E-001
0.100000000000000 -6.000000000000000 3.000000000000000 -4.018751463126105 2.500000000000000E-001
