0.000100000000000 -6.000000000000000 0.100000000000000 0.000000000000000 5.000000000000000E-001
0.100000000000000 -2.081621459490445 3.000000000000000 0.000000000000000 5.000000000000000E-002
0.100000000000000 -3.011681695858533 1.000000000000000 -2.081621459490445 3.333333333333333E-002
1.000000000000000 -2.763213560843684 2.000000000000000 -2.081621459490445 1.000000000000000E-002
2.000000000000000 -3.011681695858533 3.000000000000000 -2.081621459490445 1.000000000000000E-002
1.000000000000000 -3.404361936208661 2.000000000000000 -2.763213560843684 3.333333333333333E-001
0.100000000000000 -4.068694730778051 1.000000000000000 -3.011681695858533 2.000000000000000E-001
1.000000000000000 -4.068694730778051 2.000000000000000 -3.404361936208661 1.000000000000000E-001
2.000000000000000 -4.068694730778051 3.000000000000000 -3.011681695858533 1.000000000000000E-001
0.100000000000000 -6.000000000000000 3.000000000000000 -4.068694730778051 2.500000000000000E-001
