0.000100000000000 -6.000000000000000 0.100000000000000 0.000000000000000 5.000000000000000E-001
0.100000000000000 -2.095135159133098 3.000000000000000 0.000000000000000 5.000000000000000E-002
0.100000000000000 -3.001458119692645 1.000000000000000 -2.095135159133098 3.333333333333333E-002
1.000000000000000 -2.750206253601825 2.000000000000000 -2.095135159133098 1.000000000000000E-002
2.000000000000000 -3.001458119692645 3.000000000000000 -2.095135159133098 1.000000000000000E-002
1.000000000000000 -3.239075462874171 2.000000000000000 -2.750206253601825 3.333333333333333E-001
0.100000000000000 -3.985720371435060 1.000000000000000 -3.001458119692645 2.000000000000000E-001
1.000000000000000 -3.985720371435060 2.000000000000000 -3.239075462874171 1.000000000000000E-001
2.000000000000000 -3.985720371435060 3.000000000000000 -3.001458119692645 1.000000000000000E-001
0.100000000000000 -6.000000000000000 3.000000000000000 -3.985720371435060 2.500000000000000E-001
