0.000100000000000 -6.000000000000000 0.100000000000000 0.000000000000000 5.000000000000000E-001
0.100000000000000 -2.377334317005560 3.000000000000000 0.000000000000000 5.000000000000000E-002
0.100000000000000 -3.003554333590470 1.000000000000000 -2.377334317005560 3.333333333333333E-002
1.000000000000000 -2.799238438140581 2.000000000000000 -2.377334317005560 1.000000000000000E-002
2.000000000000000 -3.003554333590470 3.000000000000000 -2.377334317005560 1.000000000000000E-002
1.000000000000000 -3.294241124867324 2.000000000000000 -2.799238438140581 3.333333333333333E-001
0.100000000000000 -4.021355432087717 1.000000000000000 -3.003554333590470 2.000000000000000E-001
1.000000000000000 -4.021355432087717 2.000000000000000 -3.294241124867324 1.000000000000000E-001
2.000000000000000 -4.021355432087717 3.000000000000000 -3.003554333590470 1.000000000000000E-001
0.100000000000000 -6.000000000000000 3.000000000000000 -4.021355432087717 2.500000000000000E-001
