0.000100000000000 -6.000000000000000 0.100000000000000 0.000000000000000 5.000000000000000E-001
0.100000000000000 -2.387613043445160 3.000000000000000 0.000000000000000 5.000000000000000E-002
0.100000000000000 -3.014736786051346 1.000000000000000 -2.387613043445160 3.333333333333333E-002
1.000000000000000 -2.752802761910666 2.000000000000000 -2.387613043445160 1.000000000000000E-002
2.000000000000000 -3.014736786051346 3.000000000000000 -2.387613043445160 1.000000000000000E-002
1.000000000000000 -3.319287897934352 2.000000000000000 -2.752802761910666 3.333333333333333E-001
0.100000000000000 -4.101425200338592 1.000000000000000 -3.014736786051346 2.000000000000000E-001
1.000000000000000 -4.101425200338592 2.000000000000000 -3.319287897934352 1.000000000000000E-001
2.000000000000000 -4.101425200338592 3.000000000000000 -3.014736786051346 1.000000000000000E-001
0.100000000000000 -6.000000000000000 3.000000000000000 -4.101425200338592 2.500000000000000E-001
