0.000100000000000 -6.000000000000000 0.100000000000000 0.000000000000000 5.000000000000000E-001
0.100000000000000 -2.174580951927770 3.000000000000000 0.000000000000000 5.000000000000000E-002
0.100000000000000 -3.006829465086713 1.000000000000000 -2.174580951927770 3.333333333333333E-002
1.000000000000000 -2.807670255054059 2.000000000000000 -2.174580951927770 1.000000000000000E-002
2.000000000000000 -3.006829465086713 3.000000000000000 -2.174580951927770 1.000000000000000E-002
1.000000000000000 -3.600698812889140 2.000000000000000 -2.807670255054059 3.333333333333333E-001
0.100000000000000 -4.294379888407307 1.000000000000000 -3.006829465086713 2.000000000000000E-001
1.000000000000000 -4.294379888407307 2.000000000000000 -3.600698812889140 1.000000000000000E-001
2.000000000000000 -4.294379888407307 3.000000000000000 -3.006829465086713 1.000000000000000E-001
0.100000000000000 -6.000000000000000 3.000000000000000 -4.294379888407307 2.500000000000000E-001
