0.000100000000000 -6.000000000000000 0.100000000000000 0.000000000000000 5.000000000000000E-001
0.100000000000000 -2.004100174055972 3.000000000000000 0.000000000000000 5.000000000000000E-002
0.100000000000000 -3.003540545330543 1.000000000000000 -2.004100174055972 3.333333333333333E-002
1.000000000000000 -2.820250975327621 2.000000000000000 -2.004100174055972 1.000000000000000E-002
2.000000000000000 -3.003540545330543 3.000000000000000 -2.004100174055972 1.000000000000000E-002
1.000000000000000 -3.499064047405103 2.000000000000000 -2.820250975327621 3.333333333333333E-001
0.100000000000000 -4.071088428819262 1.000000000000000 -3.003540545330543 2.000000000000000E-001
1.000000000000000 -4.071088428819262 2.000000000000000 -3.499064047405103 1.000000000000000E-001
2.000000000000000 -4.071088428819262 3.000000000000000 -3.003540545330543 1.000000000000000E-001
0.100000000000000 -6.000000000000000 3.000000000000000 -4.071088428819262 2.500000000000000E-001
