0.000100000000000 -6.000000000000000 0.100000000000000 0.000000000000000 5.000000000000000E-001
0.100000000000000 -2.141191093028953 3.000000000000000 0.000000000000000 5.000000000000000E-002
0.100000000000000 -3.002255592060643 1.000000000000000 -2.141191093028953 3.333333333333333E-002
1.000000000000000 -2.752279138313977 2.000000000000000 -2.141191093028953 1.000000000000000E-002
2.000000000000000 -3.002255592060643 3.000000000000000 -2.141191093028953 1.000000000000000E-002
1.000000000000000 -3.236021897744200 2.000000000000000 -2.752279138313977 3.333333333333333E-001
0.100000000000000 -3.987620668565419 1.000000000000000 -3.002255592060643 2.000000000000000E-001
1.000000000000000 -3.987620668565419 2.000000000000000 -3.236021897744200 1.000000000000000E-001
2.000000000000000 -3.987620668565419 3.000000000000000 -3.002255592060643 1.000000000000000E-001
0.100000000000000 -6.000000000000000 3.000000000000000 -3.987620668565419 2.500000000000000E-001
