0.000100000000000 -6.000000000000000 0.100000000000000 0.000000000000000 5.000000000000000E-001
0.100000000000000 -2.188391195553649 3.000000000000000 0.000000000000000 5.000000000000000E-002
0.100000000000000 -3.003831975443950 1.000000000000000 -2.188391195553649 3.333333333333333E-002
1.000000000000000 -2.769393379432502 2.000000000000000 -2.188391195553649 1.000000000000000E-002
2.000000000000000 -3.003831975443950 3.000000000000000 -2.188391195553649 1.000000000000000E-002
1.000000000000000 -3.272676234231891 2.000000000000000 -2.769393379432502 3.333333333333333E-001
0.100000000000000 -4.040576415825502 1.000000000000000 -3.003831975443950 2.000000000000000E-001
1.000000000000000 -4.040576415825502 2.000000000000000 -3.272676234231891 1.000000000000000E-001
2.000000000000000 -4.040576415825502 3.000000000000000 -3.003831975443950 1.000000000000000E-001
0.100000000000000 -6.000000000000000 3.000000000000000 -4.040576415825502 2.500000000000000E-001
