0.000100000000000 -6.000000000000000 0.100000000000000 0.000000000000000 5.000000000000000E-001
0.100000000000000 -2.263988355001998 3.000000000000000 0.000000000000000 5.000000000000000E-002
0.100000000000000 -3.005709221704961 1.000000000000000 -2.263988355001998 3.333333333333333E-002
1.000000000000000 -2.746534378664353 2.000000000000000 -2.263988355001998 1.000000000000000E-002
2.000000000000000 -3.005709221704961 3.000000000000000 -2.263988355001998 1.000000000000000E-002
1.000000000000000 -3.311958421399985 2.000000000000000 -2.746534378664353 3.333333333333333E-001
0.100000000000000 -4.172387348176486 1.000000000000000 -3.005709221704961 2.000000000000000E-001
1.000000000000000 -4.172387348176486 2.000000000000000 -3.311958421399985 1.000000000000000E-001
2.000000000000000 -4.172387348176486 3.000000000000000 -3.005709221704961 1.000000000000000E-001
0.100000000000000 -6.000000000000000 3.000000000000000 -4.172387348176486 2.500000000000000E-001
