0.000100000000000 -6.000000000000000 0.100000000000000 0.000000000000000 5.000000000000000E-001
0.100000000000000 -2.204946472157473 3.000000000000000 0.000000000000000 5.000000000000000E-002
0.100000000000000 -3.002317878864074 1.000000000000000 -2.204946472157473 3.333333333333333E-002
1.000000000000000 -2.752889517096026 2.000000000000000 -2.204946472157473 1.000000000000000E-002
2.000000000000000 -3.002317878864074 3.000000000000000 -2.204946472157473 1.000000000000000E-002
1.000000000000000 -3.235880662513119 2.000000000000000 -2.752889517096026 3.333333333333333E-001
0.100000000000000 -3.990939426927066 1.000000000000000 -3.002317878864074 2.000000000000000E-001
1.000000000000000 -3.990939426927066 2.000000000000000 -3.235880662513119 1.000000000000000E-001
2.000000000000000 -3.990939426927066 3.000000000000000 -3.002317878864074 1.000000000000000E-001
0.100000000000000 -6.000000000000000 3.000000000000000 -3.990939426927066 2.500000000000000E-001
