0.000100000000000 -6.000000000000000 0.100000000000000 0.000000000000000 5.000000000000000E-001
0.100000000000000 -2.363025423781439 3.000000000000000 0.000000000000000 5.000000000000000E-002
0.100000000000000 -3.004229129005259 1.000000000000000 -2.363025423781439 3.333333333333333E-002
1.000000000000000 -2.804675485764652 2.000000000000000 -2.363025423781439 1.000000000000000E-002
2.000000000000000 -3.004229129005259 3.000000000000000 -2.363025423781439 1.000000000000000E-002
1.000000000000000 -3.295208209729240 2.000000000000000 -2.804675485764652 3.333333333333333E-001
0.100000000000000 -4.018262327709368 1.000000000000000 -3.004229129005259 2.000000000000000E-001
1.000000000000000 -4.018262327709368 2.000000000000000 -3.295208209729240 1.000000000000000E-001
2.000000000000000 -4.018262327709368 3.000000000000000 -3.004229129005259 1.000000000000000E-001
0.100000000000000 -6.000000000000000 3.000000000000000 -4.018262327709368 2.500000000000000E-001
