0.000100000000000 -6.000000000000000 0.100000000000000 0.000000000000000 5.000000000000000E-001
0.100000000000000 -2.319008239019332 3.000000000000000 0.000000000000000 5.000000000000000E-002
0.100000000000000 -3.004350718332875 1.000000000000000 -2.319008239019332 3.333333333333333E-002
1.000000000000000 -2.800939611689746 2.000000000000000 -2.319008239019332 1.000000000000000E-002
2.000000000000000 -3.004350718332875 3.000000000000000 -2.319008239019332 1.000000000000000E-002
1.000000000000000 -3.294066449451758 2.000000000000000 -2.800939611689746 3.333333333333333E-001
0.100000000000000 -4.026836877244083 1.000000000000000 -3.004350718332875 2.000000000000000E-001
1.000000000000000 -4.026836877244083 2.000000000000000 -3.294066449451758 1.000000000000000E-001
2.000000000000000 -4.026836877244083 3.000000000000000 -3.004350718332875 1.000000000000000E-001
0.100000000000000 -6.000000000000000 3.000000000000000 -4.026836877244083 2.500000000000000E-001
