0.000100000000000 -6.000000000000000 0.100000000000000 0.000000000000000 5.000000000000000E-001
0.100000000000000 -2.242057911216772 3.000000000000000 0.000000000000000 5.000000000000000E-002
0.100000000000000 -3.002083318717243 1.000000000000000 -2.242057911216772 3.333333333333333E-002
1.000000000000000 -2.772558874378763 2.000000000000000 -2.242057911216772 1.000000000000000E-002
2.000000000000000 -3.002083318717243 3.000000000000000 -2.242057911216772 1.000000000000000E-002
1.000000000000000 -3.244624766819005 2.000000000000000 -2.772558874378763 3.333333333333333E-001
0.100000000000000 -3.970255087710963 1.000000000000000 -3.002083318717243 2.000000000000000E-001
1.000000000000000 -3.970255087710963 2.000000000000000 -3.244624766819005 1.000000000000000E-001
2.000000000000000 -3.970255087710963 3.000000000000000 -3.002083318717243 1.000000000000000E-001
0.100000000000000 -6.000000000000000 3.000000000000000 -3.970255087710963 2.500000000000000E-001
