0.000100000000000 -6.000000000000000 0.100000000000000 0.000000000000000 5.000000000000000E-001
0.100000000000000 -2.215132912284154 3.000000000000000 0.000000000000000 5.000000000000000E-002
0.100000000000000 -3.012127604868946 1.000000000000000 -2.215132912284154 3.333333333333333E-002
1.000000000000000 -2.727599234728977 2.000000000000000 -2.215132912284154 1.000000000000000E-002
2.000000000000000 -3.012127604868946 3.000000000000000 -2.215132912284154 1.000000000000000E-002
1.000000000000000 -3.347451107847275 2.000000000000000 -2.727599234728977 3.333333333333333E-001
0.100000000000000 -4.299804769533116 1.000000000000000 -3.012127604868946 2.000000000000000E-001
1.000000000000000 -4.299804769533116 2.000000000000000 -3.347451107847275 1.000000000000000E-001
2.000000000000000 -4.299804769533116 3.000000000000000 -3.012127604868946 1.000000000000000E-001
0.100000000000000 -6.000000000000000 3.000000000000000 -4.299804769533116 2.500000000000000E-001
