0.000100000000000 -6.000000000000000 0.100000000000000 0.000000000000000 5.000000000000000E-001
0.100000000000000 -2.404778050862321 3.000000000000000 0.000000000000000 5.000000000000000E-002
0.100000000000000 -3.002453914847552 1.000000000000000 -2.404778050862321 3.333333333333333E-002
1.000000000000000 -2.810664532826662 2.000000000000000 -2.404778050862321 1.000000000000000E-002
2.000000000000000 -3.002453914847552 3.000000000000000 -2.404778050862321 1.000000000000000E-002
1.000000000000000 -3.275510923254653 2.000000000000000 -2.810664532826662 3.333333333333333E-001
0.100000000000000 -3.961940711061317 1.000000000000000 -3.002453914847552 2.000000000000000E-001
1.000000000000000 -3.961940711061317 2.000000000000000 -3.275510923254653 1.000000000000000E-001
2.000000000000000 -3.961940711061317 3.000000000000000 -3.002453914847552 1.000000000000000E-001
0.100000000000000 -6.000000000000000 3.000000000000000 -3.961940711061317 2.500000000000000E-001
