0.000100000000000 -6.000000000000000 0.100000000000000 0.000000000000000 5.000000000000000E-001
0.100000000000000 -1.998921481162882 3.000000000000000 0.000000000000000 5.000000000000000E-002
0.100000000000000 -3.005489061011268 1.000000000000000 -1.998921481162882 3.333333333333333E-002
1.000000000000000 -2.767805031041024 2.000000000000000 -1.998921481162882 1.000000000000000E-002
2.000000000000000 -3.005489061011268 3.000000000000000 -1.998921481162882 1.000000000000000E-002
1.000000000000000 -3.452187332221562 2.000000000000000 -2.767805031041024 3.333333333333333E-001
0.100000000000000 -4.083917380190278 1.000000000000000 -3.005489061011268 2.000000000000000E-001
1.000000000000000 -4.083917380190278 2.000000000000000 -3.452187332221562 1.000000000000000E-001
2.000000000000000 -4.083917380190278 3.000000000000000 -3.005489061011268 1.000000000000000E-001
0.100000000000000 -6.000000000000000 3.000000000000000 -4.083917380190278 2.500000000000000E-001
