0.000100000000000 -6.000000000000000 0.100000000000000 0.000000000000000 5.000000000000000E-001
0.100000000000000 -2.416562910882242 3.000000000000000 0.000000000000000 5.000000000000000E-002
0.100000000000000 -3.007394131216825 1.000000000000000 -2.416562910882242 3.333333333333333E-002
1.000000000000000 -2.772486273977349 2.000000000000000 -2.416562910882242 1.000000000000000E-002
2.000000000000000 -3.007394131216825 3.000000000000000 -2.416562910882242 1.000000000000000E-002
1.000000000000000 -3.307273945372458 2.000000000000000 -2.772486273977349 3.333333333333333E-001
0.100000000000000 -4.107570039658323 1.000000000000000 -3.007394131216825 2.000000000000000E-001
1.000000000000000 -4.107570039658323 2.000000000000000 -3.307273945372458 1.000000000000000E-001
2.000000000000000 -4.107570039658323 3.000000000000000 -3.007394131216825 1.000000000000000E-001
0.100000000000000 -6.000000000000000 3.000000000000000 -4.107570039658323 2.500000000000000E-001
