0.000100000000000 -6.000000000000000 0.100000000000000 0.000000000000000 5.000000000000000E-001
0.100000000000000 -2.134772287601143 3.000000000000000 0.000000000000000 5.000000000000000E-002
0.100000000000000 -3.001060012119196 1.000000000000000 -2.134772287601143 3.333333333333333E-002
1.000000000000000 -2.710930888489095 2.000000000000000 -2.134772287601143 1.000000000000000E-002
2.000000000000000 -3.001060012119196 3.000000000000000 -2.134772287601143 1.000000000000000E-002
1.000000000000000 -3.166751736870654 2.000000000000000 -2.710930888489095 3.333333333333333E-001
0.100000000000000 -3.921579438920809 1.000000000000000 -3.001060012119196 2.000000000000000E-001
1.000000000000000 -3.921579438920809 2.000000000000000 -3.166751736870654 1.000000000000000E-001
2.000000000000000 -3.921579438920809 3.000000000000000 -3.001060012119196 1.000000000000000E-001
0.100000000000000 -6.000000000000000 3.000000000000000 -3.921579438920809 2.500000000000000E-001
