0.000100000000000 -6.000000000000000 0.100000000000000 0.000000000000000 5.000000000000000E-001
0.100000000000000 -2.271422097916872 3.000000000000000 0.000000000000000 5.000000000000000E-002
0.100000000000000 -3.003911398240982 1.000000000000000 -2.271422097916872 3.333333333333333E-002
1.000000000000000 -2.795060496198543 2.000000000000000 -2.271422097916872 1.000000000000000E-002
2.000000000000000 -3.003911398240982 3.000000000000000 -2.271422097916872 1.000000000000000E-002
1.000000000000000 -3.291590496395318 2.000000000000000 -2.795060496198543 3.333333333333333E-001
0.100000000000000 -4.029326652916313 1.000000000000000 -3.003911398240982 2.000000000000000E-001
1.000000000000000 -4.029326652916313 2.000000000000000 -3.291590496395318 1.000000000000000E-001
2.000000000000000 -4.029326652916313 3.000000000000000 -3.003911398240982 1.000000000000000E-001
0.100000000000000 -6.000000000000000 3.000000000000000 -4.029326652916313 2.500000000000000E-001
