0.000100000000000 -6.000000000000000 0.100000000000000 0.000000000000000 5.000000000000000E-001
0.100000000000000 -2.337681769397799 3.000000000000000 0.000000000000000 5.000000000000000E-002
0.100000000000000 -3.005646449279923 1.000000000000000 -2.337681769397799 3.333333333333333E-002
1.000000000000000 -2.793207591084232 2.000000000000000 -2.337681769397799 1.000000000000000E-002
2.000000000000000 -3.005646449279923 3.000000000000000 -2.337681769397799 1.000000000000000E-002
1.000000000000000 -3.286909746267405 2.000000000000000 -2.793207591084232 3.333333333333333E-001
0.100000000000000 -4.032142807547293 1.000000000000000 -3.005646449279923 2.000000000000000E-001
1.000000000000000 -4.032142807547293 2.000000000000000 -3.286909746267405 1.000000000000000E-001
2.000000000000000 -4.032142807547293 3.000000000000000 -3.005646449279923 1.000000000000000E-001
0.100000000000000 -6.000000000000000 3.000000000000000 -4.032142807547293 2.500000000000000E-001
