0.000100000000000 -6.000000000000000 0.100000000000000 0.000000000000000 5.000000000000000E-001
0.100000000000000 -2.239884634445960 3.000000000000000 0.000000000000000 5.000000000000000E-002
0.100000000000000 -3.005805173031838 1.000000000000000 -2.239884634445960 3.333333333333333E-002
1.000000000000000 -2.879058883945290 2.000000000000000 -2.239884634445960 1.000000000000000E-002
2.000000000000000 -3.005805173031838 3.000000000000000 -2.239884634445960 1.000000000000000E-002
1.000000000000000 -3.567814757575505 2.000000000000000 -2.879058883945290 3.333333333333333E-001
0.100000000000000 -4.156144217129423 1.000000000000000 -3.005805173031838 2.000000000000000E-001
1.000000000000000 -4.156144217129423 2.000000000000000 -3.567814757575505 1.000000000000000E-001
2.000000000000000 -4.156144217129423 3.000000000000000 -3.005805173031838 1.000000000000000E-001
0.100000000000000 -6.000000000000000 3.000000000000000 -4.156144217129423 2.500000000000000E-001
