0.000100000000000 -6.000000000000000 0.100000000000000 0.000000000000000 5.000000000000000E-001
0.100000000000000 -2.331221866665903 3.000000000000000 0.000000000000000 5.000000000000000E-002
0.100000000000000 -3.005819441456834 1.000000000000000 -2.331221866665903 3.333333333333333E-002
1.000000000000000 -2.804525286698631 2.000000000000000 -2.331221866665903 1.000000000000000E-002
2.000000000000000 -3.005819441456834 3.000000000000000 -2.331221866665903 1.000000000000000E-002
1.000000000000000 -3.285695552452763 2.000000000000000 -2.804525286698631 3.333333333333333E-001
0.100000000000000 -4.013148679785042 1.000000000000000 -3.005819441456834 2.000000000000000E-001
1.000000000000000 -4.013148679785042 2.000000000000000 -3.285695552452763 1.000000000000000E-001
2.000000000000000 -4.013148679785042 3.000000000000000 -3.005819441456834 1.000000000000000E-001
0.100000000000000 -6.000000000000000 3.000000000000000 -4.013148679785042 2.500000000000000E-001
