0.000100000000000 -6.000000000000000 0.100000000000000 0.000000000000000 5.000000000000000E-001
0.100000000000000 -2.103961530846246 3.000000000000000 0.000000000000000 5.000000000000000E-002
0.100000000000000 -3.003620712214357 1.000000000000000 -2.103961530846246 3.333333333333333E-002
1.000000000000000 -2.761531714354087 2.000000000000000 -2.103961530846246 1.000000000000000E-002
2.000000000000000 -3.003620712214357 3.000000000000000 -2.103961530846246 1.000000000000000E-002
1.000000000000000 -3.253310070332958 2.000000000000000 -2.761531714354087 3.333333333333333E-001
0.100000000000000 -4.011988598747296 1.000000000000000 -3.003620712214357 2.000000000000000E-001
1.000000000000000 -4.011988598747296 2.000000000000000 -3.253310070332958 1.000000000000000E-001
2.000000000000000 -4.011988598747296 3.000000000000000 -3.003620712214357 1.000000000000000E-001
0.100000000000000 -6.000000000000000 3.000000000000000 -4.011988598747296 2.500000000000000E-001
