0.000100000000000 -6.000000000000000 0.100000000000000 0.000000000000000 5.000000000000000E-001
0.100000000000000 -2.281092622092809 3.000000000000000 0.000000000000000 5.000000000000000E-002
0.100000000000000 -3.002336020663042 1.000000000000000 -2.281092622092809 3.333333333333333E-002
1.000000000000000 -2.779462750340160 2.000000000000000 -2.281092622092809 1.000000000000000E-002
2.000000000000000 -3.002336020663042 3.000000000000000 -2.281092622092809 1.000000000000000E-002
1.000000000000000 -3.251120267373806 2.000000000000000 -2.779462750340160 3.333333333333333E-001
0.100000000000000 -3.972070631001163 1.000000000000000 -3.002336020663042 2.000000000000000E-001
1.000000000000000 -3.972070631001163 2.000000000000000 -3.251120267373806 1.000000000000000E-001
2.000000000000000 -3.972070631001163 3.000000000000000 -3.002336020663042 1.000000000000000E-001
0.100000000000000 -6.000000000000000 3.000000000000000 -3.972070631001163 2.500000000000000E-001
