0.000100000000000 -6.000000000000000 0.100000000000000 0.000000000000000 5.000000000000000E-001
0.100000000000000 -2.049566517639297 3.000000000000000 0.000000000000000 5.000000000000000E-002
0.100000000000000 -3.002360923280312 1.000000000000000 -2.049566517639297 3.333333333333333E-002
1.000000000000000 -2.744000853262892 2.000000000000000 -2.049566517639297 1.000000000000000E-002
2.000000000000000 -3.002360923280312 3.000000000000000 -2.049566517639297 1.000000000000000E-002
1.000000000000000 -3.237904377285585 2.000000000000000 -2.744000853262892 3.333333333333333E-001
0.100000000000000 -4.003799580135955 1.000000000000000 -3.002360923280312 2.000000000000000E-001
1.000000000000000 -4.003799580135955 2.000000000000000 -3.237904377285585 1.000000000000000E-001
2.000000000000000 -4.003799580135955 3.000000000000000 -3.002360923280312 1.000000000000000E-001
0.100000000000000 -6.000000000000000 3.000000000000000 -4.003799580135955 2.500000000000000E-001
