0.000100000000000 -6.000000000000000 0.100000000000000 0.000000000000000 5.000000000000000E-001
0.100000000000000 -2.228700763054583 3.000000000000000 0.000000000000000 5.000000000000000E-002
0.100000000000000 -3.003965657160279 1.000000000000000 -2.228700763054583 3.333333333333333E-002
1.000000000000000 -2.782717100792282 2.000000000000000 -2.228700763054583 1.000000000000000E-002
2.000000000000000 -3.003965657160279 3.000000000000000 -2.228700763054583 1.000000000000000E-002
1.000000000000000 -3.280477237253319 2.000000000000000 -2.782717100792282 3.333333333333333E-001
0.100000000000000 -4.032790017836090 1.000000000000000 -3.003965657160279 2.000000000000000E-001
1.000000000000000 -4.032790017836090 2.000000000000000 -3.280477237253319 1.000000000000000E-001
2.000000000000000 -4.032790017836090 3.000000000000000 -3.003965657160279 1.000000000000000E-001
0.100000000000000 -6.000000000000000 3.000000000000000 -4.032790017836090 2.500000000000000E-001
