0.000100000000000 -6.000000000000000 0.100000000000000 0.000000000000000 5.000000000000000E-001
0.100000000000000 -2.241121747316108 3.000000000000000 0.000000000000000 5.000000000000000E-002
0.100000000000000 -3.005783814545953 1.000000000000000 -2.241121747316108 3.333333333333333E-002
1.000000000000000 -2.880576723692827 2.000000000000000 -2.241121747316108 1.000000000000000E-002
2.000000000000000 -3.005783814545953 3.000000000000000 -2.241121747316108 1.000000000000000E-002
1.000000000000000 -3.570035439042169 2.000000000000000 -2.880576723692827 3.333333333333333E-001
0.100000000000000 -4.136242989987386 1.000000000000000 -3.005783814545953 2.000000000000000E-001
1.000000000000000 -4.136242989987386 2.000000000000000 -3.570035439042169 1.000000000000000E-001
2.000000000000000 -4.136242989987386 3.000000000000000 -3.005783814545953 1.000000000000000E-001
0.100000000000000 -6.000000000000000 3.000000000000000 -4.136242989987386 2.500000000000000E-001
