0.000100000000000 -6.000000000000000 0.100000000000000 0.000000000000000 5.000000000000000E-001
0.100000000000000 -2.181761813065335 3.000000000000000 0.000000000000000 5.000000000000000E-002
0.100000000000000 -3.006448034911221 1.000000000000000 -2.181761813065335 3.333333333333333E-002
1.000000000000000 -2.855947897864379 2.000000000000000 -2.181761813065335 1.000000000000000E-002
2.000000000000000 -3.006448034911221 3.000000000000000 -2.181761813065335 1.000000000000000E-002
1.000000000000000 -3.659904783930500 2.000000000000000 -2.855947897864379 3.333333333333333E-001
0.100000000000000 -4.382835621126283 1.000000000000000 -3.006448034911221 2.000000000000000E-001
1.000000000000000 -4.382835621126283 2.000000000000000 -3.659904783930500 1.000000000000000E-001
2.000000000000000 -4.382835621126283 3.000000000000000 -3.006448034911221 1.000000000000000E-001
0.100000000000000 -6.000000000000000 3.000000000000000 -4.382835621126283 2.500000000000000E-001
