0.000100000000000 -6.000000000000000 0.100000000000000 0.000000000000000 5.000000000000000E-001
0.100000000000000 -2.185291679812905 3.000000000000000 0.000000000000000 5.000000000000000E-002
0.100000000000000 -3.001526336006345 1.000000000000000 -2.185291679812905 3.333333333333333E-002
1.000000000000000 -2.751590106632989 2.000000000000000 -2.185291679812905 1.000000000000000E-002
2.000000000000000 -3.001526336006345 3.000000000000000 -2.185291679812905 1.000000000000000E-002
1.000000000000000 -3.238351782704462 2.000000000000000 -2.751590106632989 3.333333333333333E-001
0.100000000000000 -3.990984606703209 1.000000000000000 -3.001526336006345 2.000000000000000E-001
1.000000000000000 -3.990984606703209 2.000000000000000 -3.238351782704462 1.000000000000000E-001
2.000000000000000 -3.990984606703209 3.000000000000000 -3.001526336006345 1.000000000000000E-001
0.100000000000000 -6.000000000000000 3.000000000000000 -3.990984606703209 2.500000000000000E-001
