0.000100000000000 -6.000000000000000 0.100000000000000 0.000000000000000 5.000000000000000E-001
0.100000000000000 -2.276314562229897 3.000000000000000 0.000000000000000 5.000000000000000E-002
0.100000000000000 -3.008265164323445 1.000000000000000 -2.276314562229897 3.333333333333333E-002
1.000000000000000 -2.758353067566232 2.000000000000000 -2.276314562229897 1.000000000000000E-002
2.000000000000000 -3.008265164323445 3.000000000000000 -2.276314562229897 1.000000000000000E-002
1.000000000000000 -3.326807223515777 2.000000000000000 -2.758353067566232 3.333333333333333E-001
0.100000000000000 -4.217011936934754 1.000000000000000 -3.008265164323445 2.000000000000000E-001
1.000000000000000 -4.217011936934754 2.000000000000000 -3.326807223515777 1.000000000000000E-001
2.000000000000000 -4.217011936934754 3.000000000000000 -3.008265164323445 1.000000000000000E-001
0.100000000000000 -6.000000000000000 3.000000000000000 -4.217011936934754 2.500000000000000E-001
