0.000100000000000 -6.000000000000000 0.100000000000000 0.000000000000000 5.000000000000000E-001
0.100000000000000 -2.033363653169529 3.000000000000000 0.000000000000000 5.000000000000000E-002
0.100000000000000 -3.005002594560032 1.000000000000000 -2.033363653169529 3.333333333333333E-002
1.000000000000000 -2.753146285231399 2.000000000000000 -2.033363653169529 1.000000000000000E-002
2.000000000000000 -3.005002594560032 3.000000000000000 -2.033363653169529 1.000000000000000E-002
1.000000000000000 -3.451906861967295 2.000000000000000 -2.753146285231399 3.333333333333333E-001
0.100000000000000 -4.075144992764814 1.000000000000000 -3.005002594560032 2.000000000000000E-001
1.000000000000000 -4.075144992764814 2.000000000000000 -3.451906861967295 1.000000000000000E-001
2.000000000000000 -4.075144992764814 3.000000000000000 -3.005002594560032 1.000000000000000E-001
0.100000000000000 -6.000000000000000 3.000000000000000 -4.075144992764814 2.500000000000000E-001
