0.000100000000000 -6.000000000000000 0.100000000000000 0.000000000000000 5.000000000000000E-001
0.100000000000000 -2.379737262271061 3.000000000000000 0.000000000000000 5.000000000000000E-002
0.100000000000000 -3.003286042880105 1.000000000000000 -2.379737262271061 3.333333333333333E-002
1.000000000000000 -2.805011951758184 2.000000000000000 -2.379737262271061 1.000000000000000E-002
2.000000000000000 -3.003286042880105 3.000000000000000 -2.379737262271061 1.000000000000000E-002
1.000000000000000 -3.297873277921724 2.000000000000000 -2.805011951758184 3.333333333333333E-001
0.100000000000000 -4.016391699540349 1.000000000000000 -3.003286042880105 2.000000000000000E-001
1.000000000000000 -4.016391699540349 2.000000000000000 -3.297873277921724 1.000000000000000E-001
2.000000000000000 -4.016391699540349 3.000000000000000 -3.003286042880105 1.000000000000000E-001
0.100000000000000 -6.000000000000000 3.000000000000000 -4.016391699540349 2.500000000000000E-001
