0.000100000000000 -6.000000000000000 0.100000000000000 0.000000000000000 5.000000000000000E-001
0.100000000000000 -2.230669146597052 3.000000000000000 0.000000000000000 5.000000000000000E-002
0.100000000000000 -3.006743055038401 1.000000000000000 -2.230669146597052 3.333333333333333E-002
1.000000000000000 -2.747611084530137 2.000000000000000 -2.230669146597052 1.000000000000000E-002
2.000000000000000 -3.006743055038401 3.000000000000000 -2.230669146597052 1.000000000000000E-002
1.000000000000000 -3.346304257429169 2.000000000000000 -2.747611084530137 3.333333333333333E-001
0.100000000000000 -4.259938909509156 1.000000000000000 -3.006743055038401 2.000000000000000E-001
1.000000000000000 -4.259938909509156 2.000000000000000 -3.346304257429169 1.000000000000000E-001
2.000000000000000 -4.259938909509156 3.000000000000000 -3.006743055038401 1.000000000000000E-001
0.100000000000000 -6.000000000000000 3.000000000000000 -4.259938909509156 2.500000000000000E-001
