0.040000 0.080000 0.160000 0.320000 0.640000 1.280000 2.000000 
-2.550000000000000 -2.650000000000000 -2.750000000000000 -2.850000000000000 -2.950000000000000 -3.050000000000000 -3.150000000000000 -3.250000000000000 -3.350000000000000 -3.450000000000000 
2.391167133632870E-003 2.391245881031547E-003 2.391379847223095E-003 2.391463244530325E-003 2.391502441778483E-003 2.391501053156528E-003 2.391459725942692E-003 2.391376814079645E-003 2.391248542139532E-003 2.391068929476407E-003 
4.782330837221033E-003 4.782488309208691E-003 4.782756224603241E-003 4.782923008260989E-003 4.783001397649391E-003 4.782998621050721E-003 4.782915973035104E-003 4.782750161600837E-003 4.782493636143086E-003 4.782134435706174E-003 
9.564634236514104E-003 9.564948998044226E-003 9.565484692932950E-003 9.565818172624136E-003 9.565974910546858E-003 9.565969362479186E-003 9.565804117707489E-003 9.565472593221989E-003 9.564959689655456E-003 9.564241487861030E-003 
1.912904904732917E-002 1.912967711185696E-002 1.913074741520550E-002 1.913141367409631E-002 1.913172682331774E-002 1.913171576825573E-002 1.913138568858263E-002 1.913072342598529E-002 1.912969879681472E-002 1.912826398475458E-002 
3.825634517204868E-002 3.825758966565278E-002 3.825972160538817E-002 3.826104853533704E-002 3.826167222847413E-002 3.826165044644785E-002 3.826099355597382E-002 3.825967530389050E-002 3.825763544279571E-002 3.825477851576338E-002 
7.649874588196041E-002 7.650114282613027E-002 7.650533814922424E-002 7.650794781398168E-002 7.650917459620406E-002 7.650913362821567E-002 7.650784569954509E-002 7.650525881194882E-002 7.650125342759155E-002 7.649564003487790E-002 
1.194879612071597E-001 1.194914371840540E-001 1.194977918578608E-001 1.195017402336776E-001 1.195035968471636E-001 1.195035404263584E-001 1.195016036219569E-001 1.194977067025339E-001 1.194916657486659E-001 1.194831888355437E-001 
3.597045E-002
