0.040000 0.080000 0.160000 0.320000 0.640000 1.280000 2.000000 
-2.550000000000000 -2.650000000000000 -2.750000000000000 -2.850000000000000 -2.950000000000000 -3.050000000000000 -3.150000000000000 -3.250000000000000 -3.350000000000000 -3.450000000000000 
1.965957378858750E-003 1.993479750294756E-003 2.036567746475940E-003 2.108947376455903E-003 2.251681607896768E-003 2.625634625743032E-003 3.156216006843610E-003 3.450656937929623E-003 3.620475990715301E-003 3.857718234021203E-003 
3.931862794227570E-003 3.986894382038970E-003 4.073054043174530E-003 4.217793165402511E-003 4.503237081823385E-003 5.251113876086738E-003 6.312253459841661E-003 6.901101153732370E-003 7.240704322779871E-003 7.715154407884044E-003 
7.863310721799681E-003 7.973268870763729E-003 8.145457808260538E-003 8.434775275051338E-003 9.005467129203550E-003 1.050098725220841E-002 1.262308136070001E-002 1.380050395370012E-002 1.447943137387418E-002 1.542805690873974E-002 
1.572332918234620E-002 1.594241205180555E-002 1.628575523324128E-002 1.686311422776011E-002 1.800294256509460E-002 2.099212985663387E-002 2.523484928406759E-002 2.758752959319183E-002 2.894317128754373E-002 3.083824355904293E-002 
3.142114269265506E-002 3.185285020163908E-002 3.253151754704394E-002 3.367634504763477E-002 3.594394288454449E-002 4.190794921346305E-002 5.038199792206698E-002 5.507057843793702E-002 5.776471758303971E-002 6.153799524722638E-002 
6.266103513690209E-002 6.347860179389191E-002 6.477897354365891E-002 6.699832046722171E-002 7.144772720659984E-002 8.327345623307186E-002 1.001404440371523E-001 1.093983408105386E-001 1.146650452799731E-001 1.220923080902907E-001 
9.748178525342260E-002 9.865159713672247E-002 1.005494993320040E-001 1.038516262379198E-001 1.106013686315541E-001 1.288373016795170E-001 1.550000554299878E-001 1.691845969381444E-001 1.771289702375194E-001 1.884562638465493E-001 
6.143912E-003
