0.000100000000000 -6.000000000000000 0.100000000000000 0.000000000000000 5.000000000000000E-001
0.100000000000000 -2.000000000000000 3.000000000000000 0.000000000000000 3.275155545875649E-002
0.100000000000000 -3.143107879270201 0.510475482735697 -2.000000000000000 5.684938055660745E-002
0.510475482735697 -2.250000000000000 2.000000000000000 -2.000000000000000 8.944583836813252E-002
0.510475482735697 -3.143107879270201 2.000000000000000 -2.380635315087950 8.944583836813252E-002
2.000000000000000 -3.143107879270201 3.000000000000000 -2.000000000000000 8.944583836813252E-002
0.510475482735697 -2.380635315087950 2.000000000000000 -2.250000000000000 1.978950544793499E-001
0.100000000000000 -3.930922744767577 0.510475482735697 -3.505873947430805 1.978950544793499E-001
0.100000000000000 -3.505873947430805 0.510475482735697 -3.143107879270201 3.638968964684738E-001
0.100000000000000 -4.650942496615881 0.510475482735697 -3.930922744767577 3.638968964684738E-001
0.510475482735697 -4.650942496615881 3.000000000000000 -3.143107879270201 3.326803368319179E-001
0.100000000000000 -6.000000000000000 3.000000000000000 -4.650942496615881 3.095137469812867E-001
