0.000100000000000 -6.000000000000000 0.100000000000000 0.000000000000000 5.000000000000000E-001
0.100000000000000 -2.000000000000000 3.000000000000000 0.000000000000000 1.660610983233541E-002
0.100000000000000 -3.099874145105274 0.603299128784272 -2.000000000000000 3.040088681149092E-002
0.603299128784272 -2.250000000000000 2.000000000000000 -2.000000000000000 4.947739844627622E-002
0.603299128784272 -3.099874145105274 2.000000000000000 -2.376223683151361 4.947739844627622E-002
2.000000000000000 -3.099874145105274 3.000000000000000 -2.000000000000000 4.947739844627622E-002
0.603299128784272 -2.376223683151361 2.000000000000000 -2.250000000000000 3.314927396501768E-001
0.100000000000000 -3.847175202842820 0.603299128784272 -3.508033300519510 3.314927396501768E-001
0.100000000000000 -3.508033300519510 0.603299128784272 -3.099874145105274 2.169171295035566E-001
0.100000000000000 -4.732033931615735 0.603299128784272 -3.847175202842820 2.169171295035566E-001
0.603299128784272 -4.732033931615735 3.000000000000000 -3.099874145105274 6.094963144574645E-001
0.100000000000000 -6.000000000000000 3.000000000000000 -4.732033931615735 5.327386622844072E-001
