0.000100000000000 -6.000000000000000 0.100000000000000 0.000000000000000 5.000000000000000E-001
0.100000000000000 -2.000000000000000 3.000000000000000 0.000000000000000 9.176967882730902E-003
0.100000000000000 -3.138809704984704 0.520952694731513 -2.000000000000000 2.431741483025711E-002
0.520952694731513 -2.250000000000000 2.000000000000000 -2.000000000000000 2.928524094231925E-002
0.520952694731513 -3.138809704984704 2.000000000000000 -2.460200141984114 2.928524094231925E-002
2.000000000000000 -3.138809704984704 3.000000000000000 -2.000000000000000 2.928524094231925E-002
0.520952694731513 -2.460200141984114 2.000000000000000 -2.250000000000000 1.805792128806288E-001
0.100000000000000 -3.847406171410462 0.520952694731513 -3.470723720150490 1.805792128806288E-001
0.100000000000000 -3.470723720150490 0.520952694731513 -3.138809704984704 2.433400852783595E-001
0.100000000000000 -4.658760903578802 0.520952694731513 -3.847406171410462 2.433400852783595E-001
0.520952694731513 -4.658760903578802 3.000000000000000 -3.138809704984704 8.590019976313632E-001
0.100000000000000 -6.000000000000000 3.000000000000000 -4.658760903578802 3.163765402152811E-001
