0.040000 0.080000 0.160000 0.320000 0.640000 1.280000 2.000000 
-2.550000000000000 -2.650000000000000 -2.750000000000000 -2.850000000000000 -2.950000000000000 -3.050000000000000 -3.150000000000000 -3.250000000000000 -3.350000000000000 -3.450000000000000 
1.940582795671027E-003 1.976036691472182E-003 2.027545439388993E-003 2.113972857002192E-003 2.262958329773020E-003 2.585050601735192E-003 3.276269764483555E-003 3.785844568153798E-003 3.988163248898936E-003 3.900854505915623E-003 
3.881056986543323E-003 3.951934717563635E-003 4.054923573423109E-003 4.227733170786971E-003 4.525648054159356E-003 5.169764689599635E-003 6.552124401178865E-003 7.571187071274660E-003 7.975735723547381E-003 7.801069539081934E-003 
7.761248050808457E-003 7.902763823605788E-003 8.108513163258302E-003 8.453771632444243E-003 9.049154342194290E-003 1.033684608083426E-002 1.310093858984601E-002 1.513837064981729E-002 1.594676057143437E-002 1.559703990655466E-002 
1.551566065633322E-002 1.579679976343666E-002 1.620649503596124E-002 1.689416326562649E-002 1.808139775541445E-002 2.065250362619214E-002 2.617573628847907E-002 3.024512407652864E-002 3.185631709935648E-002 3.115381013083236E-002 
3.097941285599942E-002 3.152730855636372E-002 3.233298350311672E-002 3.368665028438760E-002 3.603424661743887E-002 4.114388776809848E-002 5.215263546400159E-002 6.024971152740381E-002 6.342958462073245E-002 6.200127525653137E-002 
6.161521941952508E-002 6.261550775125233E-002 6.413552543810871E-002 6.669845038646192E-002 7.121420564786478E-002 8.121559999703007E-002 1.029805290759521E-001 1.188956880124012E-001 1.249717446701498E-001 1.219605467172692E-001 
9.556263205796152E-002 9.692641952055846E-002 9.910967476453722E-002 1.028104646322764E-001 1.094870609432205E-001 1.246516542134021E-001 1.581219159847593E-001 1.823969230116534E-001 1.912922154483129E-001 1.862655926781832E-001 
5.486920E-003
