0.040000 0.080000 0.160000 0.320000 0.640000 1.280000 2.000000 
-2.550000000000000 -2.650000000000000 -2.750000000000000 -2.850000000000000 -2.950000000000000 -3.050000000000000 -3.150000000000000 -3.250000000000000 -3.350000000000000 -3.450000000000000 
2.818741498916353E-003 2.883591215838575E-003 2.914736422660425E-003 2.934433188289703E-003 2.951393214511729E-003 2.976351987884165E-003 3.037646918163182E-003 3.101398830073651E-003 3.127991274161754E-003 3.139409893438677E-003 
5.637474435375323E-003 5.767172589413593E-003 5.829461787046120E-003 5.868854173583344E-003 5.902773147143685E-003 5.952689667665279E-003 6.075278549317580E-003 6.202781465161332E-003 6.255965537750704E-003 6.278802073370881E-003 
1.127488038495184E-002 1.153426645686522E-002 1.165883512636329E-002 1.173761074399082E-002 1.180544006235964E-002 1.190526489589255E-002 1.215043483016384E-002 1.240543340015685E-002 1.251179502260572E-002 1.255746247211435E-002 
2.254921332653044E-002 2.306790365413598E-002 2.331696326122521E-002 2.347444132734698E-002 2.361003100795211E-002 2.380961508784527E-002 2.429989239518543E-002 2.480983150926440E-002 2.502250263481545E-002 2.511379261553313E-002 
4.509406122263866E-002 4.613078967465565E-002 4.662828939900048E-002 4.694266254907255E-002 4.721329261494346E-002 4.761193839836163E-002 4.859199478819288E-002 4.961141096299369E-002 5.003633824941041E-002 5.021856063340820E-002 
9.015364308325459E-002 9.222195551514600E-002 9.321207338134004E-002 9.383623031997304E-002 9.437317002412947E-002 9.516635547213663E-002 9.712255356316631E-002 9.915775710572917E-002 1.000043544239232E-001 1.003659940899352E-001 
1.407645212290208E-001 1.439813031776595E-001 1.455142031945550E-001 1.464761675175593E-001 1.473026584205365E-001 1.485301695687728E-001 1.515754506389485E-001 1.547450125789998E-001 1.560584582863145E-001 1.566154687426621E-001 
2.456835E-002
