0.040000 0.080000 0.160000 0.320000 0.640000 1.280000 2.000000 
-2.550000000000000 -2.650000000000000 -2.750000000000000 -2.850000000000000 -2.950000000000000 -3.050000000000000 -3.150000000000000 -3.250000000000000 -3.350000000000000 -3.450000000000000 
2.138686281197457E-003 2.153682108200337E-003 2.179210193644397E-003 2.227617184043481E-003 2.335108125923016E-003 2.646575296622313E-003 3.455281884353544E-003 4.041752797002121E-003 4.206461296194181E-003 4.063047998660394E-003 
4.277359498937571E-003 4.307348449116497E-003 4.358401295007401E-003 4.455211144112298E-003 4.670187845657537E-003 5.293115673646338E-003 6.910521129641653E-003 8.083454513554848E-003 8.412863442261380E-003 8.126030138728261E-003 
8.554614551618076E-003 8.614570835068384E-003 8.716649943545190E-003 8.910236608594215E-003 9.340148578895990E-003 1.058595215795287E-002 1.382070134947745E-002 1.616650062554665E-002 1.682525396546775E-002 1.625153372745414E-002 
1.710839549308146E-002 1.722813556101078E-002 1.743208164415509E-002 1.781899135895244E-002 1.867848463260125E-002 2.116967614378416E-002 2.763868188670889E-002 3.232974175769469E-002 3.364673357500844E-002 3.249886522400233E-002 
3.421018409382350E-002 3.444829805488051E-002 3.485450997898008E-002 3.562624104068556E-002 3.734260740584006E-002 4.232169587923005E-002 5.525580177889991E-002 6.463365170137594E-002 6.726355682459394E-002 6.496443419805122E-002 
6.836940803100572E-002 6.883512873482095E-002 6.963462477976959E-002 7.116200800689496E-002 7.457454785265444E-002 8.450730426540487E-002 1.103453572012356E-001 1.290681092152682E-001 1.342965248883782E-001 1.296723239948193E-001 
1.066861274543744E-001 1.073849243191996E-001 1.085985556065685E-001 1.109407661222045E-001 1.162170659098769E-001 1.316665609684168E-001 1.719547980909397E-001 2.011177865690104E-001 2.092006758936381E-001 2.019045351976690E-001 
9.494826E-003
