0.040000 0.080000 0.160000 0.320000 0.640000 1.280000 2.000000 
-2.550000000000000 -2.650000000000000 -2.750000000000000 -2.850000000000000 -2.950000000000000 -3.050000000000000 -3.150000000000000 -3.250000000000000 -3.350000000000000 -3.450000000000000 
2.062600365803294E-003 2.342565613727713E-003 3.110283346382999E-003 3.715299330098107E-003 3.911771270914769E-003 3.952695281583172E-003 3.869484229002113E-003 3.551088268971522E-003 3.294968078156144E-003 3.212447762146359E-003 
4.125196908204962E-003 4.685125799681984E-003 6.220559068014537E-003 7.430588564090374E-003 7.823530211575528E-003 7.905376596005704E-003 7.738953546661835E-003 7.102161200229004E-003 6.589920511365708E-003 6.424879404101755E-003 
8.250363233977643E-003 9.370208183604574E-003 1.244105714659434E-002 1.486109637063404E-002 1.564696179506880E-002 1.581064147133718E-002 1.547778782165308E-002 1.420419972010903E-002 1.317971588678969E-002 1.284962987276276E-002 
1.650048196082016E-002 1.874006924738492E-002 2.488162665425039E-002 2.972154704022128E-002 3.129313501224015E-002 3.162038970896719E-002 3.095462208018231E-002 2.840741868111702E-002 2.635843144417008E-002 2.569822910200583E-002 
3.299901270799586E-002 3.747736809732413E-002 4.975936100753682E-002 5.943793992218614E-002 6.257997563268572E-002 6.323365048385723E-002 6.190163509775237E-002 5.680701306781509E-002 5.270888439868402E-002 5.138823979724502E-002 
6.598256805881766E-002 7.493277940763923E-002 9.948786074240615E-002 1.188350067632692E-001 1.251100437649941E-001 1.264108020714489E-001 1.237430089339872E-001 1.135521162445756E-001 1.053546994972848E-001 1.027115722630504E-001 
1.030523711294079E-001 1.170179235273625E-001 1.553589757638374E-001 1.855593866204002E-001 1.953375910130500E-001 1.973508030385110E-001 1.931716051391784E-001 1.772438737967976E-001 1.644324232236350E-001 1.602975599046312E-001 
0.000000E+000
