0.000100000000000 -6.000000000000000 0.100000000000000 0.000000000000000 5.000000000000000E-001
0.100000000000000 -2.000000000000000 3.000000000000000 0.000000000000000 5.000000000000000E-002
0.100000000000000 -3.000000000000000 0.890732470592261 -2.000000000000000 3.333333333333333E-002
0.890732470592261 -2.750000000000000 1.618983181802045 -2.000000000000000 1.000000000000000E-002
1.618983181802045 -3.000000000000000 3.000000000000000 -2.000000000000000 1.000000000000000E-002
0.890732470592261 -3.250000000000000 1.618983181802045 -2.750000000000000 3.333333333333333E-001
0.100000000000000 -4.000000000000000 0.890732470592261 -3.000000000000000 2.000000000000000E-001
0.890732470592261 -4.000000000000000 1.618983181802045 -3.250000000000000 1.000000000000000E-001
1.618983181802045 -4.000000000000000 3.000000000000000 -3.000000000000000 1.000000000000000E-001
0.100000000000000 -6.000000000000000 3.000000000000000 -4.000000000000000 2.500000000000000E-001
