0.000100000000000 -6.000000000000000 0.100000000000000 0.000000000000000 5.000000000000000E-001
0.100000000000000 -2.000000000000000 3.000000000000000 0.000000000000000 5.000000000000000E-002
0.100000000000000 -3.000000000000000 0.999999303925826 -2.000000000000000 3.333333333333333E-002
0.999999303925826 -2.750000000000000 2.000009230184780 -2.000000000000000 1.000000000000000E-002
2.000009230184780 -3.000000000000000 3.000000000000000 -2.000000000000000 1.000000000000000E-002
0.999999303925826 -3.250000000000000 2.000009230184780 -2.750000000000000 3.333333333333333E-001
0.100000000000000 -4.000000000000000 0.999999303925826 -3.000000000000000 2.000000000000000E-001
0.999999303925826 -4.000000000000000 2.000009230184780 -3.250000000000000 1.000000000000000E-001
2.000009230184780 -4.000000000000000 3.000000000000000 -3.000000000000000 1.000000000000000E-001
0.100000000000000 -6.000000000000000 3.000000000000000 -4.000000000000000 2.500000000000000E-001
