0.000100000000000 -6.000000000000000 0.100000000000000 0.000000000000000 5.000000000000000E-001
0.100000000000000 -2.000000000000000 3.000000000000000 0.000000000000000 5.000000000000000E-002
0.100000000000000 -3.000000000000000 0.956310411809975 -2.000000000000000 3.333333333333333E-002
0.956310411809975 -2.750000000000000 1.792332102559277 -2.000000000000000 1.000000000000000E-002
1.792332102559277 -3.000000000000000 3.000000000000000 -2.000000000000000 1.000000000000000E-002
0.956310411809975 -3.250000000000000 1.792332102559277 -2.750000000000000 3.333333333333333E-001
0.100000000000000 -4.000000000000000 0.956310411809975 -3.000000000000000 2.000000000000000E-001
0.956310411809975 -4.000000000000000 1.792332102559277 -3.250000000000000 1.000000000000000E-001
1.792332102559277 -4.000000000000000 3.000000000000000 -3.000000000000000 1.000000000000000E-001
0.100000000000000 -6.000000000000000 3.000000000000000 -4.000000000000000 2.500000000000000E-001
