0.000100000000000 -6.000000000000000 0.100000000000000 0.000000000000000 5.000000000000000E-001
0.100000000000000 -2.000000000000000 3.000000000000000 0.000000000000000 5.000000000000000E-002
0.100000000000000 -3.000000000000000 0.538718670847136 -2.000000000000000 3.333333333333333E-002
0.538718670847136 -2.750000000000000 1.454658341560760 -2.000000000000000 1.000000000000000E-002
1.454658341560760 -3.000000000000000 3.000000000000000 -2.000000000000000 1.000000000000000E-002
0.538718670847136 -3.250000000000000 1.454658341560760 -2.750000000000000 3.333333333333333E-001
0.100000000000000 -4.000000000000000 0.538718670847136 -3.000000000000000 2.000000000000000E-001
0.538718670847136 -4.000000000000000 1.454658341560760 -3.250000000000000 1.000000000000000E-001
1.454658341560760 -4.000000000000000 3.000000000000000 -3.000000000000000 1.000000000000000E-001
0.100000000000000 -6.000000000000000 3.000000000000000 -4.000000000000000 2.500000000000000E-001
