0.000100000000000 -6.000000000000000 0.100000000000000 0.000000000000000 5.000000000000000E-001
0.100000000000000 -2.000000000000000 3.000000000000000 0.000000000000000 5.000000000000000E-002
0.100000000000000 -3.000000000000000 0.809122718732375 -2.000000000000000 3.333333333333333E-002
0.809122718732375 -2.750000000000000 1.360803466456114 -2.000000000000000 1.000000000000000E-002
1.360803466456114 -3.000000000000000 3.000000000000000 -2.000000000000000 1.000000000000000E-002
0.809122718732375 -3.250000000000000 1.360803466456114 -2.750000000000000 3.333333333333333E-001
0.100000000000000 -4.000000000000000 0.809122718732375 -3.000000000000000 2.000000000000000E-001
0.809122718732375 -4.000000000000000 1.360803466456114 -3.250000000000000 1.000000000000000E-001
1.360803466456114 -4.000000000000000 3.000000000000000 -3.000000000000000 1.000000000000000E-001
0.100000000000000 -6.000000000000000 3.000000000000000 -4.000000000000000 2.500000000000000E-001
