0.000100000000000 -6.000000000000000 0.100000000000000 0.000000000000000 5.000000000000000E-001
0.100000000000000 -2.590229783535499 3.000000000000000 0.000000000000000 5.000000000000000E-002
0.100000000000000 -3.309054478359470 1.000000000000000 -2.590229783535499 3.333333333333333E-002
1.000000000000000 -3.178575796593294 2.000000000000000 -2.590229783535499 1.000000000000000E-002
2.000000000000000 -3.309054478359470 3.000000000000000 -2.590229783535499 1.000000000000000E-002
1.000000000000000 -3.979019286125852 2.000000000000000 -3.178575796593294 3.333333333333333E-001
0.100000000000000 -4.276274218920021 1.000000000000000 -3.309054478359470 2.000000000000000E-001
1.000000000000000 -4.276274218920021 2.000000000000000 -3.979019286125852 1.000000000000000E-001
2.000000000000000 -4.276274218920021 3.000000000000000 -3.309054478359470 1.000000000000000E-001
0.100000000000000 -6.000000000000000 3.000000000000000 -4.276274218920021 2.500000000000000E-001
