0.000100000000000 -6.000000000000000 0.100000000000000 0.000000000000000 5.000000000000000E-001
0.100000000000000 -2.676629706391445 3.000000000000000 0.000000000000000 5.000000000000000E-002
0.100000000000000 -3.305331858628958 1.000000000000000 -2.676629706391445 3.333333333333333E-002
1.000000000000000 -3.178575783392393 2.000000000000000 -2.676629706391445 1.000000000000000E-002
2.000000000000000 -3.305331858628958 3.000000000000000 -2.676629706391445 1.000000000000000E-002
1.000000000000000 -4.041612721026410 2.000000000000000 -3.178575783392393 3.333333333333333E-001
0.100000000000000 -4.216404347828361 1.000000000000000 -3.305331858628958 2.000000000000000E-001
1.000000000000000 -4.216404347828361 2.000000000000000 -4.041612721026410 1.000000000000000E-001
2.000000000000000 -4.216404347828361 3.000000000000000 -3.305331858628958 1.000000000000000E-001
0.100000000000000 -6.000000000000000 3.000000000000000 -4.216404347828361 2.500000000000000E-001
