0.000100000000000 -6.000000000000000 0.100000000000000 0.000000000000000 5.000000000000000E-001
0.100000000000000 -2.429562194673784 3.000000000000000 0.000000000000000 5.000000000000000E-002
0.100000000000000 -3.414305410382712 1.000000000000000 -2.429562194673784 3.333333333333333E-002
1.000000000000000 -3.179188876783531 2.000000000000000 -2.429562194673784 1.000000000000000E-002
2.000000000000000 -3.414305410382712 3.000000000000000 -2.429562194673784 1.000000000000000E-002
1.000000000000000 -3.811998097213777 2.000000000000000 -3.179188876783531 3.333333333333333E-001
0.100000000000000 -4.425798785328080 1.000000000000000 -3.414305410382712 2.000000000000000E-001
1.000000000000000 -4.425798785328080 2.000000000000000 -3.811998097213777 1.000000000000000E-001
2.000000000000000 -4.425798785328080 3.000000000000000 -3.414305410382712 1.000000000000000E-001
0.100000000000000 -6.000000000000000 3.000000000000000 -4.425798785328080 2.500000000000000E-001
