0.000100000000000 -6.000000000000000 0.100000000000000 0.000000000000000 5.000000000000000E-001
0.100000000000000 -2.510596910754703 3.000000000000000 0.000000000000000 5.000000000000000E-002
0.100000000000000 -3.327753218841600 1.000000000000000 -2.510596910754703 3.333333333333333E-002
1.000000000000000 -3.178576620877720 2.000000000000000 -2.510596910754703 1.000000000000000E-002
2.000000000000000 -3.327753218841600 3.000000000000000 -2.510596910754703 1.000000000000000E-002
1.000000000000000 -3.894129075495946 2.000000000000000 -3.178576620877720 3.333333333333333E-001
0.100000000000000 -4.354996202683581 1.000000000000000 -3.327753218841600 2.000000000000000E-001
1.000000000000000 -4.354996202683581 2.000000000000000 -3.894129075495946 1.000000000000000E-001
2.000000000000000 -4.354996202683581 3.000000000000000 -3.327753218841600 1.000000000000000E-001
0.100000000000000 -6.000000000000000 3.000000000000000 -4.354996202683581 2.500000000000000E-001
