0.000100000000000 -6.000000000000000 0.100000000000000 0.000000000000000 5.000000000000000E-001
0.100000000000000 -2.421446582691281 3.000000000000000 0.000000000000000 5.944554679810655E-002
0.100000000000000 -3.432536316685084 0.519380700444869 -2.421446582691281 8.162649407999706E-002
0.519380700444869 -3.175459705306308 1.435856036195694 -2.421446582691281 5.054851262887428E-002
1.435856036195694 -3.432536316685084 3.000000000000000 -2.421446582691281 5.054851262887428E-002
0.519380700444869 -3.817453010457825 1.435856036195694 -3.175459705306308 1.805208882618038E-001
0.100000000000000 -4.569716765758069 0.519380700444869 -3.432536316685084 1.743012575440385E-001
0.519380700444869 -4.569716765758069 1.435856036195694 -3.817453010457825 1.882459637828429E-001
1.435856036195694 -4.569716765758069 3.000000000000000 -3.432536316685084 1.882459637828429E-001
0.100000000000000 -6.000000000000000 3.000000000000000 -4.569716765758069 1.744545066108481E-001
