0.000100000000000 -6.000000000000000 0.100000000000000 0.000000000000000 5.000000000000000E-001
0.100000000000000 -2.193513054298580 3.000000000000000 0.000000000000000 1.874678378276035E-002
0.100000000000000 -3.494066744026304 0.280648408451136 -2.193513054298580 4.122535175862690E-002
0.280648408451136 -3.108760753444059 1.264524846756345 -2.193513054298580 2.389896403071502E-003
1.264524846756345 -3.494066744026304 3.000000000000000 -2.193513054298580 2.389896403071502E-003
0.280648408451136 -3.654709951289614 1.264524846756345 -3.108760753444059 7.591768507606521E-001
0.100000000000000 -4.900076751528056 0.280648408451136 -3.494066744026304 7.083753872389364E-002
0.280648408451136 -4.900076751528056 1.264524846756345 -3.654709951289614 9.548140972451162E-002
1.264524846756345 -4.900076751528056 3.000000000000000 -3.494066744026304 9.548140972451162E-002
0.100000000000000 -6.000000000000000 3.000000000000000 -4.900076751528056 7.573157772187077E-002
