0.000100000000000 -6.000000000000000 0.100000000000000 0.000000000000000 5.000000000000000E-001
0.100000000000000 -2.188310633401317 3.000000000000000 0.000000000000000 6.175033391801212E-002
0.100000000000000 -3.526572897595008 0.226476545892108 -2.188310633401317 4.319939344581661E-002
0.226476545892108 -3.011459774589806 1.096296293627058 -2.188310633401317 1.174304371867282E-003
1.096296293627058 -3.526572897595008 3.000000000000000 -2.188310633401317 1.174304371867282E-003
0.226476545892108 -3.653315871909246 1.096296293627058 -3.011459774589806 4.545839271300490E-001
0.100000000000000 -4.729693931255931 0.226476545892108 -3.526572897595008 8.655179531988026E-002
0.226476545892108 -4.729693931255931 1.096296293627058 -3.653315871909246 3.625216294601501E-002
1.096296293627058 -4.729693931255931 3.000000000000000 -3.526572897595008 3.625216294601501E-002
0.100000000000000 -6.000000000000000 3.000000000000000 -4.729693931255931 2.546011741292755E-002
