0.000100000000000 -6.000000000000000 0.100000000000000 0.000000000000000 5.000000000000000E-001
0.100000000000000 -2.494300621070376 3.000000000000000 0.000000000000000 3.559428576994830E-002
0.100000000000000 -3.430477869598547 0.434755330819005 -2.494300621070376 8.226251314767721E-002
0.434755330819005 -3.272474965994041 1.520859244190955 -2.494300621070376 2.696390773921688E-002
1.520859244190955 -3.430477869598547 3.000000000000000 -2.494300621070376 2.696390773921688E-002
0.434755330819005 -3.730886250516381 1.520859244190955 -3.272474965994041 3.590717174243170E-001
0.100000000000000 -4.650549363643919 0.434755330819005 -3.430477869598547 2.835325251418878E-001
0.434755330819005 -4.650549363643919 1.520859244190955 -3.730886250516381 3.214558113219027E-001
1.520859244190955 -4.650549363643919 3.000000000000000 -3.430477869598547 3.214558113219027E-001
0.100000000000000 -6.000000000000000 3.000000000000000 -4.650549363643919 3.070460727471506E-001
