0.000100000000000 -6.000000000000000 0.100000000000000 0.000000000000000 5.000000000000000E-001
0.100000000000000 -2.328132943045395 3.000000000000000 0.000000000000000 6.203791946103004E-003
0.100000000000000 -3.515084463988516 0.391826480938724 -2.328132943045395 3.098470129233309E-002
0.391826480938724 -3.158394043053648 1.430630112649535 -2.328132943045395 5.631250727881832E-003
1.430630112649535 -3.515084463988516 3.000000000000000 -2.328132943045395 5.631250727881832E-003
0.391826480938724 -3.655062435056292 1.430630112649535 -3.158394043053648 1.337795956593110E+000
0.100000000000000 -4.909928252831128 0.391826480938724 -3.515084463988516 5.913569767648027E-002
0.391826480938724 -4.909928252831128 1.430630112649535 -3.655062435056292 1.934188082656449E-001
1.430630112649535 -4.909928252831128 3.000000000000000 -3.515084463988516 1.934188082656449E-001
0.100000000000000 -6.000000000000000 3.000000000000000 -4.909928252831128 2.107034138382616E-001
