0.000100000000000 -6.000000000000000 0.100000000000000 0.000000000000000 5.000000000000000E-001
0.100000000000000 -2.463367032856306 3.000000000000000 0.000000000000000 1.818251132234648E-002
0.100000000000000 -3.417396538655540 0.341770723856905 -2.463367032856306 6.922897135459766E-002
0.341770723856905 -3.217150665668245 1.588711285895322 -2.463367032856306 1.418540028994148E-002
1.588711285895322 -3.417396538655540 3.000000000000000 -2.463367032856306 1.418540028994148E-002
0.341770723856905 -3.801049808980223 1.588711285895322 -3.217150665668245 7.113644226635740E-001
0.100000000000000 -4.726790603997403 0.341770723856905 -3.417396538655540 1.775054764117665E-001
0.341770723856905 -4.726790603997403 1.588711285895322 -3.801049808980223 5.583484434548547E-001
1.588711285895322 -4.726790603997403 3.000000000000000 -3.417396538655540 5.583484434548547E-001
0.100000000000000 -6.000000000000000 3.000000000000000 -4.726790603997403 5.955908374058130E-001
