0.000100000000000 -6.000000000000000 0.100000000000000 0.000000000000000 5.000000000000000E-001
0.100000000000000 -2.242234692085634 3.000000000000000 0.000000000000000 1.046367069081261E-002
0.100000000000000 -3.427179314738447 0.322972873279765 -2.242234692085634 2.915978554604517E-002
0.322972873279765 -3.078520596838666 1.353885241559811 -2.242234692085634 4.006766749322385E-003
1.353885241559811 -3.427179314738447 3.000000000000000 -2.242234692085634 4.006766749322385E-003
0.322972873279765 -3.655162503353562 1.353885241559811 -3.078520596838666 7.100740056633074E-001
0.100000000000000 -4.977743336810484 0.322972873279765 -3.427179314738447 1.140731377228627E-001
0.322972873279765 -4.977743336810484 1.353885241559811 -3.655162503353562 1.840453109878810E-001
1.353885241559811 -4.977743336810484 3.000000000000000 -3.427179314738447 1.840453109878810E-001
0.100000000000000 -6.000000000000000 3.000000000000000 -4.977743336810484 1.414404039131010E-001
