0.000100000000000 -6.000000000000000 0.100000000000000 0.000000000000000 5.000000000000000E-001
0.100000000000000 -2.266817966218312 3.000000000000000 0.000000000000000 3.474475327761196E-002
0.100000000000000 -3.518767303535443 0.290591434318071 -2.266817966218312 3.655073616748767E-002
0.290591434318071 -3.019775028254349 1.167014835124020 -2.266817966218312 1.750042332954722E-003
1.167014835124020 -3.518767303535443 3.000000000000000 -2.266817966218312 1.750042332954722E-003
0.290591434318071 -3.653727806266853 1.167014835124020 -3.019775028254349 5.854739835222036E-001
0.100000000000000 -4.800562014256552 0.290591434318071 -3.518767303535443 1.407138132476526E-001
0.290591434318071 -4.800562014256552 1.167014835124020 -3.653727806266853 6.422884562370955E-002
1.167014835124020 -4.800562014256552 3.000000000000000 -3.518767303535443 6.422884562370955E-002
0.100000000000000 -6.000000000000000 3.000000000000000 -4.800562014256552 3.916670766880172E-002
