0.000100000000000 -6.000000000000000 0.100000000000000 0.000000000000000 5.000000000000000E-001
0.100000000000000 -2.393218352473525 3.000000000000000 0.000000000000000 1.034399516525122E-002
0.100000000000000 -3.473323153139340 0.397647411337902 -2.393218352473525 4.109792070399307E-002
0.397647411337902 -3.153238709293973 1.501236860503438 -2.393218352473525 8.540165261342509E-003
1.501236860503438 -3.473323153139340 3.000000000000000 -2.393218352473525 8.540165261342509E-003
0.397647411337902 -3.720051874386832 1.501236860503438 -3.153238709293973 1.061707262961955E+000
0.100000000000000 -4.814182448098226 0.397647411337902 -3.473323153139340 1.073117316434777E-001
0.397647411337902 -4.814182448098226 1.501236860503438 -3.720051874386832 3.501849091945367E-001
1.501236860503438 -4.814182448098226 3.000000000000000 -3.473323153139340 3.501849091945367E-001
0.100000000000000 -6.000000000000000 3.000000000000000 -4.814182448098226 3.939751803459886E-001
