0.000100000000000 -6.000000000000000 0.100000000000000 0.000000000000000 5.000000000000000E-001
0.100000000000000 -2.000000000000000 3.000000000000000 0.000000000000000 5.000000000000000E-002
0.100000000000000 -3.000000000000000 0.999081603720227 -2.000000000000000 3.333333333333333E-002
0.999081603720227 -2.750000000000000 1.988711583197925 -2.000000000000000 1.000000000000000E-002
1.988711583197925 -3.000000000000000 3.000000000000000 -2.000000000000000 1.000000000000000E-002
0.999081603720227 -3.250000000000000 1.988711583197925 -2.750000000000000 3.333333333333333E-001
0.100000000000000 -3.996404279535694 0.999081603720227 -3.000000000000000 2.000000000000000E-001
0.999081603720227 -3.996404279535694 1.988711583197925 -3.250000000000000 1.000000000000000E-001
1.988711583197925 -3.996404279535694 3.000000000000000 -3.000000000000000 1.000000000000000E-001
0.100000000000000 -6.000000000000000 3.000000000000000 -3.996404279535694 2.500000000000000E-001
