0.000100000000000 -6.000000000000000 0.100000000000000 0.000000000000000 5.000000000000000E-001
0.100000000000000 -2.000000000000000 3.000000000000000 0.000000000000000 5.000000000000000E-002
0.100000000000000 -3.000000000000000 0.839360030649562 -2.000000000000000 3.333333333333333E-002
0.839360030649562 -2.750000000000000 1.668277501555859 -2.000000000000000 1.000000000000000E-002
1.668277501555859 -3.000000000000000 3.000000000000000 -2.000000000000000 1.000000000000000E-002
0.839360030649562 -3.250000000000000 1.668277501555859 -2.750000000000000 3.333333333333333E-001
0.100000000000000 -4.251228321174853 0.839360030649562 -3.000000000000000 2.000000000000000E-001
0.839360030649562 -4.251228321174853 1.668277501555859 -3.250000000000000 1.000000000000000E-001
1.668277501555859 -4.251228321174853 3.000000000000000 -3.000000000000000 1.000000000000000E-001
0.100000000000000 -6.000000000000000 3.000000000000000 -4.251228321174853 2.500000000000000E-001
