0.000100000000000 -6.000000000000000 0.100000000000000 0.000000000000000 5.000000000000000E-001
0.100000000000000 -2.000000000000000 3.000000000000000 0.000000000000000 5.000000000000000E-002
0.100000000000000 -3.000000000000000 0.999844993837231 -2.000000000000000 3.333333333333333E-002
0.999844993837231 -2.750000000000000 1.998631217821876 -2.000000000000000 1.000000000000000E-002
1.998631217821876 -3.000000000000000 3.000000000000000 -2.000000000000000 1.000000000000000E-002
0.999844993837231 -3.250000000000000 1.998631217821876 -2.750000000000000 3.333333333333333E-001
0.100000000000000 -3.999542129224161 0.999844993837231 -3.000000000000000 2.000000000000000E-001
0.999844993837231 -3.999542129224161 1.998631217821876 -3.250000000000000 1.000000000000000E-001
1.998631217821876 -3.999542129224161 3.000000000000000 -3.000000000000000 1.000000000000000E-001
0.100000000000000 -6.000000000000000 3.000000000000000 -3.999542129224161 2.500000000000000E-001
