0.000100000000000 -6.000000000000000 0.100000000000000 0.000000000000000 5.000000000000000E-001
0.100000000000000 -2.000000000000000 3.000000000000000 0.000000000000000 5.000000000000000E-002
0.100000000000000 -3.000000000000000 0.885257146658455 -2.000000000000000 3.333333333333333E-002
0.885257146658455 -2.750000000000000 1.686399527196420 -2.000000000000000 1.000000000000000E-002
1.686399527196420 -3.000000000000000 3.000000000000000 -2.000000000000000 1.000000000000000E-002
0.885257146658455 -3.250000000000000 1.686399527196420 -2.750000000000000 3.333333333333333E-001
0.100000000000000 -4.213761331373791 0.885257146658455 -3.000000000000000 2.000000000000000E-001
0.885257146658455 -4.213761331373791 1.686399527196420 -3.250000000000000 1.000000000000000E-001
1.686399527196420 -4.213761331373791 3.000000000000000 -3.000000000000000 1.000000000000000E-001
0.100000000000000 -6.000000000000000 3.000000000000000 -4.213761331373791 2.500000000000000E-001
