0.000100000000000 -6.000000000000000 0.100000000000000 0.000000000000000 5.000000000000000E-001
0.100000000000000 -2.000000000000000 3.000000000000000 0.000000000000000 5.000000000000000E-002
0.100000000000000 -3.000000000000000 0.948895306550295 -2.000000000000000 3.333333333333333E-002
0.948895306550295 -2.750000000000000 1.820988762083493 -2.000000000000000 1.000000000000000E-002
1.820988762083493 -3.000000000000000 3.000000000000000 -2.000000000000000 1.000000000000000E-002
0.948895306550295 -3.250000000000000 1.820988762083493 -2.750000000000000 3.333333333333333E-001
0.100000000000000 -4.089437257279786 0.948895306550295 -3.000000000000000 2.000000000000000E-001
0.948895306550295 -4.089437257279786 1.820988762083493 -3.250000000000000 1.000000000000000E-001
1.820988762083493 -4.089437257279786 3.000000000000000 -3.000000000000000 1.000000000000000E-001
0.100000000000000 -6.000000000000000 3.000000000000000 -4.089437257279786 2.500000000000000E-001
