0.000100000000000 -6.000000000000000 0.100000000000000 0.000000000000000 5.000000000000000E-001
0.100000000000000 -2.000000000000000 3.000000000000000 0.000000000000000 5.000000000000000E-002
0.100000000000000 -3.000000000000000 0.992369659558085 -2.000000000000000 3.333333333333333E-002
0.992369659558085 -2.750000000000000 1.940960517336011 -2.000000000000000 1.000000000000000E-002
1.940960517336011 -3.000000000000000 3.000000000000000 -2.000000000000000 1.000000000000000E-002
0.992369659558085 -3.250000000000000 1.940960517336011 -2.750000000000000 3.333333333333333E-001
0.100000000000000 -3.982848140158581 0.992369659558085 -3.000000000000000 2.000000000000000E-001
0.992369659558085 -3.982848140158581 1.940960517336011 -3.250000000000000 1.000000000000000E-001
1.940960517336011 -3.982848140158581 3.000000000000000 -3.000000000000000 1.000000000000000E-001
0.100000000000000 -6.000000000000000 3.000000000000000 -3.982848140158581 2.500000000000000E-001
