0.000100000000000 -6.000000000000000 0.100000000000000 0.000000000000000 5.000000000000000E-001
0.100000000000000 -2.000000000000000 3.000000000000000 0.000000000000000 5.000000000000000E-002
0.100000000000000 -3.000000000000000 0.963563898209030 -2.000000000000000 3.333333333333333E-002
0.963563898209030 -2.750000000000000 1.860675933006071 -2.000000000000000 1.000000000000000E-002
1.860675933006071 -3.000000000000000 3.000000000000000 -2.000000000000000 1.000000000000000E-002
0.963563898209030 -3.250000000000000 1.860675933006071 -2.750000000000000 3.333333333333333E-001
0.100000000000000 -4.048454903202474 0.963563898209030 -3.000000000000000 2.000000000000000E-001
0.963563898209030 -4.048454903202474 1.860675933006071 -3.250000000000000 1.000000000000000E-001
1.860675933006071 -4.048454903202474 3.000000000000000 -3.000000000000000 1.000000000000000E-001
0.100000000000000 -6.000000000000000 3.000000000000000 -4.048454903202474 2.500000000000000E-001
