0.000100000000000 -6.000000000000000 0.100000000000000 0.000000000000000 5.000000000000000E-001
0.100000000000000 -2.000000000000000 3.000000000000000 0.000000000000000 5.000000000000000E-002
0.100000000000000 -3.000000000000000 0.931397333138104 -2.000000000000000 3.333333333333333E-002
0.931397333138104 -2.750000000000000 1.783223104604159 -2.000000000000000 1.000000000000000E-002
1.783223104604159 -3.000000000000000 3.000000000000000 -2.000000000000000 1.000000000000000E-002
0.931397333138104 -3.250000000000000 1.783223104604159 -2.750000000000000 3.333333333333333E-001
0.100000000000000 -4.135622838434255 0.931397333138104 -3.000000000000000 2.000000000000000E-001
0.931397333138104 -4.135622838434255 1.783223104604159 -3.250000000000000 1.000000000000000E-001
1.783223104604159 -4.135622838434255 3.000000000000000 -3.000000000000000 1.000000000000000E-001
0.100000000000000 -6.000000000000000 3.000000000000000 -4.135622838434255 2.500000000000000E-001
