0.000100000000000 -6.000000000000000 0.100000000000000 0.000000000000000 5.000000000000000E-001
0.100000000000000 -2.000000000000000 3.000000000000000 0.000000000000000 5.000000000000000E-002
0.100000000000000 -3.000000000000000 0.791118779688984 -2.000000000000000 3.333333333333333E-002
0.791118779688984 -2.750000000000000 1.703381001539229 -2.000000000000000 1.000000000000000E-002
1.703381001539229 -3.000000000000000 3.000000000000000 -2.000000000000000 1.000000000000000E-002
0.791118779688984 -3.250000000000000 1.703381001539229 -2.750000000000000 3.333333333333333E-001
0.100000000000000 -4.287909478308581 0.791118779688984 -3.000000000000000 2.000000000000000E-001
0.791118779688984 -4.287909478308581 1.703381001539229 -3.250000000000000 1.000000000000000E-001
1.703381001539229 -4.287909478308581 3.000000000000000 -3.000000000000000 1.000000000000000E-001
0.100000000000000 -6.000000000000000 3.000000000000000 -4.287909478308581 2.500000000000000E-001
