0.000100000000000 -6.000000000000000 0.100000000000000 0.000000000000000 5.000000000000000E-001
0.100000000000000 -2.000000000000000 3.000000000000000 0.000000000000000 5.000000000000000E-002
0.100000000000000 -3.000000000000000 0.979699949567318 -2.000000000000000 3.333333333333333E-002
0.979699949567318 -2.750000000000000 1.898855952248493 -2.000000000000000 1.000000000000000E-002
1.898855952248493 -3.000000000000000 3.000000000000000 -2.000000000000000 1.000000000000000E-002
0.979699949567318 -3.250000000000000 1.898855952248493 -2.750000000000000 3.333333333333333E-001
0.100000000000000 -3.999133228505839 0.979699949567318 -3.000000000000000 2.000000000000000E-001
0.979699949567318 -3.999133228505839 1.898855952248493 -3.250000000000000 1.000000000000000E-001
1.898855952248493 -3.999133228505839 3.000000000000000 -3.000000000000000 1.000000000000000E-001
0.100000000000000 -6.000000000000000 3.000000000000000 -3.999133228505839 2.500000000000000E-001
