0.000100000000000 -6.000000000000000 0.100000000000000 0.000000000000000 5.000000000000000E-001
0.100000000000000 -2.506330161809515 3.000000000000000 0.000000000000000 2.294186232310295E-002
0.100000000000000 -3.272459039432275 0.585123651170674 -2.506330161809515 6.008256927200888E-002
0.585123651170674 -3.104428332915585 1.324353464599068 -2.506330161809515 4.251563230026772E-002
1.324353464599068 -3.272459039432275 3.000000000000000 -2.506330161809515 4.251563230026772E-002
0.585123651170674 -3.872417154307268 1.324353464599068 -3.104428332915585 1.930387117897499E-001
0.100000000000000 -4.313164921366457 0.585123651170674 -3.272459039432275 1.876123426053060E-001
0.585123651170674 -4.313164921366457 1.324353464599068 -3.872417154307268 3.843021278118249E-001
1.324353464599068 -4.313164921366457 3.000000000000000 -3.272459039432275 3.843021278118249E-001
0.100000000000000 -6.000000000000000 3.000000000000000 -4.313164921366457 2.711616544318437E-001
