0.000100000000000 -6.000000000000000 0.100000000000000 0.000000000000000 5.000000000000000E-001
0.100000000000000 -2.500605101565368 3.000000000000000 0.000000000000000 1.383416662580545E-002
0.100000000000000 -3.242721577080760 0.650591049016163 -2.500605101565368 5.689626389728390E-002
0.650591049016163 -3.117665751922015 1.392216572499968 -2.500605101565368 2.588738415073299E-002
1.392216572499968 -3.242721577080760 3.000000000000000 -2.500605101565368 2.588738415073299E-002
0.650591049016163 -3.970641257649340 1.392216572499968 -3.117665751922015 2.096370178483745E-001
0.100000000000000 -4.234392565140147 0.650591049016163 -3.242721577080760 2.193230092377920E-001
0.650591049016163 -4.234392565140147 1.392216572499968 -3.970641257649340 2.274022313924353E-001
1.392216572499968 -4.234392565140147 3.000000000000000 -3.242721577080760 2.274022313924353E-001
0.100000000000000 -6.000000000000000 3.000000000000000 -4.234392565140147 2.003246883069496E-001
