0.000100000000000 -6.000000000000000 0.100000000000000 0.000000000000000 5.000000000000000E-001
0.100000000000000 -2.509609124282800 3.000000000000000 0.000000000000000 3.647983415060024E-002
0.100000000000000 -3.366436556351297 0.586853864541341 -2.509609124282800 7.309850307713057E-002
0.586853864541341 -3.168979313265012 1.415858196405008 -2.509609124282800 7.878143246267752E-002
1.415858196405008 -3.366436556351297 3.000000000000000 -2.509609124282800 7.878143246267752E-002
0.586853864541341 -3.917373666423267 1.415858196405008 -3.168979313265012 1.859904254134450E-001
0.100000000000000 -4.323164382814332 0.586853864541341 -3.366436556351297 2.231580813250891E-001
0.586853864541341 -4.323164382814332 1.415858196405008 -3.917373666423267 2.244125898401697E-001
1.415858196405008 -4.323164382814332 3.000000000000000 -3.366436556351297 2.244125898401697E-001
0.100000000000000 -6.000000000000000 3.000000000000000 -4.323164382814332 2.661237721534966E-001
