0.000100000000000 -6.000000000000000 0.100000000000000 0.000000000000000 5.000000000000000E-001
0.100000000000000 -2.519972263848452 3.000000000000000 0.000000000000000 7.255279776574263E-003
0.100000000000000 -3.235224979635523 0.610759788304254 -2.519972263848452 5.168112457669060E-002
0.610759788304254 -3.098654592327011 1.470410867460744 -2.519972263848452 4.994973072226165E-002
1.470410867460744 -3.235224979635523 3.000000000000000 -2.519972263848452 4.994973072226165E-002
0.610759788304254 -4.048360915789959 1.470410867460744 -3.098654592327011 2.913792625495988E-001
0.100000000000000 -4.235111449119077 0.610759788304254 -3.235224979635523 2.148668626726902E-001
0.610759788304254 -4.235111449119077 1.470410867460744 -4.048360915789959 2.216066950061375E-001
1.470410867460744 -4.235111449119077 3.000000000000000 -3.235224979635523 2.216066950061375E-001
0.100000000000000 -6.000000000000000 3.000000000000000 -4.235111449119077 2.252557699839879E-001
