0.000100000000000 -6.000000000000000 0.100000000000000 0.000000000000000 5.000000000000000E-001
0.100000000000000 -2.500874808284472 3.000000000000000 0.000000000000000 9.798881880054476E-002
0.100000000000000 -3.515609992844392 0.581608941446115 -2.500874808284472 1.024228373156289E-001
0.581608941446115 -3.249653699424464 1.570763741909162 -2.500874808284472 1.901338964556791E-001
1.570763741909162 -3.515609992844392 3.000000000000000 -2.500874808284472 1.901338964556791E-001
0.581608941446115 -3.749384829850763 1.570763741909162 -3.249653699424464 1.795475159583033E-001
0.100000000000000 -4.411463785261669 0.581608941446115 -3.515609992844392 1.827589549531484E-001
0.581608941446115 -4.411463785261669 1.570763741909162 -3.749384829850763 1.774376353594767E-001
1.570763741909162 -4.411463785261669 3.000000000000000 -3.515609992844392 1.774376353594767E-001
0.100000000000000 -6.000000000000000 3.000000000000000 -4.411463785261669 1.832620460989737E-001
