0.000100000000000 -6.000000000000000 0.100000000000000 0.000000000000000 5.000000000000000E-001
0.100000000000000 -2.518063590653269 3.000000000000000 0.000000000000000 5.887775464668552E-002
0.100000000000000 -3.437222380260999 0.583324353738918 -2.518063590653269 7.132021197593021E-002
0.583324353738918 -3.179870335620792 1.498612982311915 -2.518063590653269 1.226490597608214E-001
1.498612982311915 -3.437222380260999 3.000000000000000 -2.518063590653269 1.226490597608214E-001
0.583324353738918 -3.819457562258657 1.498612982311915 -3.179870335620792 3.276438774001789E-001
0.100000000000000 -4.401464024703892 0.583324353738918 -3.437222380260999 2.098714914924038E-001
0.583324353738918 -4.401464024703892 1.498612982311915 -3.819457562258657 3.510890644820439E-001
1.498612982311915 -4.401464024703892 3.000000000000000 -3.437222380260999 3.510890644820439E-001
0.100000000000000 -6.000000000000000 3.000000000000000 -4.401464024703892 1.424000797438659E-001
