0.040000 0.080000 0.160000 0.320000 0.640000 1.280000 2.000000 
-2.550000000000000 -2.650000000000000 -2.750000000000000 -2.850000000000000 -2.950000000000000 -3.050000000000000 -3.150000000000000 -3.250000000000000 -3.350000000000000 -3.450000000000000 
2.390970158938964E-003 2.391144385036601E-003 2.391266530940320E-003 2.391343475714140E-003 2.391379328051847E-003 2.391376000048553E-003 2.391333434998249E-003 2.391249660907462E-003 2.391120727131378E-003 2.390940536732606E-003 
4.781936892620319E-003 4.782285321422165E-003 4.782529596199945E-003 4.782683474787918E-003 4.782755174337938E-003 4.782748518962512E-003 4.782663395250454E-003 4.782495859352117E-003 4.782238010199259E-003 4.781877654264314E-003 
9.563846385669704E-003 9.564543056073059E-003 9.565031469451266E-003 9.565339138872031E-003 9.565482496992133E-003 9.565469191335040E-003 9.565298995032407E-003 9.564964021464591E-003 9.564448470330441E-003 9.563727957349567E-003 
1.912747365233316E-002 1.912886549674403E-002 1.912984123472409E-002 1.913045587212616E-002 1.913074226105533E-002 1.913071569003110E-002 1.913037570620421E-002 1.912970654431374E-002 1.912867661869046E-002 1.912723718258295E-002 
3.825319683349895E-002 3.825596858428739E-002 3.825791137466174E-002 3.825913505433352E-002 3.825970522059216E-002 3.825965240007016E-002 3.825897569348375E-002 3.825764363373518E-002 3.825559316894517E-002 3.825272698093305E-002 
7.649246874785054E-002 7.649791779886576E-002 7.650173467461234E-002 7.650413778000816E-002 7.650525745841781E-002 7.650515436121734E-002 7.650382673902238E-002 7.650121216408604E-002 7.649718548702125E-002 7.649155346966903E-002 
1.194782113947569E-001 1.194864491499201E-001 1.194922120576361E-001 1.194958375101464E-001 1.194975266249455E-001 1.194973729704700E-001 1.194953739647851E-001 1.194914335716170E-001 1.194853590962615E-001 1.194768527802676E-001 
2.432656E-002
