0.040000 0.080000 0.160000 0.320000 0.640000 1.280000 2.000000 
-2.550000000000000 -2.650000000000000 -2.750000000000000 -2.850000000000000 -2.950000000000000 -3.050000000000000 -3.150000000000000 -3.250000000000000 -3.350000000000000 -3.450000000000000 
1.897163171767204E-003 1.973435105092534E-003 2.075219647680125E-003 2.209066856413732E-003 2.382056831392039E-003 2.640939246086437E-003 2.998203799462756E-003 3.217721535879379E-003 3.279141998150822E-003 3.258816713120320E-003 
3.794236672518422E-003 3.946758922211657E-003 4.150295231787667E-003 4.417950655781300E-003 4.763887188926589E-003 5.281607514154572E-003 5.996103529823799E-003 6.435110304973938E-003 6.557941803578853E-003 6.517299890471044E-003 
7.587756954397559E-003 7.892628747039646E-003 8.299439506990908E-003 8.834438814094183E-003 9.525964994432706E-003 1.056105006702456E-002 1.198977770855033E-002 1.286756196962465E-002 1.311314965874620E-002 1.303193500847932E-002 
1.516981387853343E-002 1.577818309534315E-002 1.658972073624200E-002 1.765723996942889E-002 1.903753151290002E-002 2.110487154526169E-002 2.396022239535730E-002 2.571396599026001E-002 2.620454211815408E-002 2.604266364335894E-002 
3.029499979645539E-002 3.150097111021771E-002 3.310771920381154E-002 3.522332745688614E-002 3.796227029375789E-002 4.207476331524525E-002 4.776896379311998E-002 5.126214504695006E-002 5.223860368857742E-002 5.191917274840026E-002 
6.026142902435027E-002 6.259390426551269E-002 6.568684960902742E-002 6.977447840352646E-002 7.509231166852223E-002 8.315309420084786E-002 9.441927639188917E-002 1.012997868080386E-001 1.032180937450607E-001 1.026114759966376E-001 
9.333487523667244E-002 9.677899066658464E-002 1.013074661807294E-001 1.073312344899792E-001 1.152347574116459E-001 1.274129768903397E-001 1.447056173687685E-001 1.551879089105573E-001 1.580981818615888E-001 1.572335434872174E-001 
4.589399E-003
