0.040000 0.080000 0.160000 0.320000 0.640000 1.280000 2.000000 
-2.550000000000000 -2.650000000000000 -2.750000000000000 -2.850000000000000 -2.950000000000000 -3.050000000000000 -3.150000000000000 -3.250000000000000 -3.350000000000000 -3.450000000000000 
1.922087018262499E-003 1.910008928300868E-003 1.995079658917722E-003 2.150633353124307E-003 2.354234600842208E-003 2.690144071114987E-003 2.970826423834827E-003 3.097011230105087E-003 3.115249893114984E-003 3.058550568618141E-003 
3.844150380977037E-003 3.819986829428391E-003 3.990118516654597E-003 4.301213590712329E-003 4.708405281015487E-003 5.380209227209341E-003 5.941565201229226E-003 6.193928242085257E-003 6.230405221582672E-003 6.117012406653249E-003 
7.688111597241224E-003 7.639725545640822E-003 7.979910759916067E-003 8.602002432566584E-003 9.416299405566646E-003 1.075978738963637E-002 1.188242951260731E-002 1.238710304083215E-002 1.246005422866807E-002 1.223331525345706E-002 
1.537471242162548E-002 1.527746951297157E-002 1.595721567811877E-002 1.720061247773028E-002 1.882851623171444E-002 2.151453441961164E-002 2.375926090369538E-002 2.476818817129542E-002 2.491406840964462E-002 2.446096312586061E-002 
3.073741950836814E-002 3.053919210974598E-002 3.189372267594923E-002 3.437426387863708E-002 3.762458380985170E-002 4.298900516183662E-002 4.747402269195813E-002 4.948853921728388E-002 4.978012361076529E-002 4.887687624785753E-002 
6.138131047593418E-002 6.095569624718034E-002 6.362606920051211E-002 6.853837564955974E-002 7.499617131609240E-002 8.566556275310316E-002 9.460094365093843E-002 9.860390426512185E-002 9.918569598996084E-002 9.740234289061478E-002 
9.564393016761250E-002 9.489641746106610E-002 9.895929855982405E-002 1.064964665199986E-001 1.164650500954202E-001 1.329670909615193E-001 1.468300067731164E-001 1.530104875439376E-001 1.539156096059575E-001 1.511949089943252E-001 
2.801348E-003
