0.040000 0.080000 0.160000 0.320000 0.640000 1.280000 2.000000 
-2.550000000000000 -2.650000000000000 -2.750000000000000 -2.850000000000000 -2.950000000000000 -3.050000000000000 -3.150000000000000 -3.250000000000000 -3.350000000000000 -3.450000000000000 
1.918174073824853E-003 1.936574363513186E-003 1.984286965846510E-003 2.086954948447754E-003 2.352873341445086E-003 2.828912222046538E-003 3.008676760218696E-003 3.081734768078793E-003 3.122117100911259E-003 3.157012672165357E-003 
3.836342175994979E-003 3.873141206693762E-003 3.968564410339738E-003 4.173897808010159E-003 4.705732037020785E-003 5.657805307981139E-003 6.017330913308243E-003 6.163441813181238E-003 6.244200516774127E-003 6.313984631064071E-003 
7.672636623004453E-003 7.746222307062438E-003 7.937052721647917E-003 8.347698996420004E-003 9.411347018118103E-003 1.131545767283063E-002 1.203448114332403E-002 1.232666205886626E-002 1.248813181979286E-002 1.262764388292825E-002 
1.534489282333278E-002 1.549196555745532E-002 1.587349893730049E-002 1.669462794926372E-002 1.882176112451344E-002 2.262969644237029E-002 2.406752235291608E-002 2.465155845602264E-002 2.497411841875763E-002 2.525269514292618E-002 
3.068678649756050E-002 3.098015496860356E-002 3.174221758516819E-002 3.338318698611918E-002 3.763616992630168E-002 4.524978734383079E-002 4.812369887809860E-002 4.928920749388347E-002 4.993134143097727E-002 5.048497602131218E-002 
6.135089311441445E-002 6.193177246723261E-002 6.344832316900054E-002 6.672053703120417E-002 7.521681536263694E-002 9.042705469729868E-002 9.616178491369980E-002 9.847354627246455E-002 9.973542373745775E-002 1.008163324108718E-001 
9.580043532609674E-002 9.669258810843559E-002 9.904216402496338E-002 1.041292475095628E-001 1.173790178452244E-001 1.411000691772858E-001 1.500261666189622E-001 1.535878671608715E-001 1.555011530610379E-001 1.571214800467476E-001 
5.152190E-004
