0.000100000000000 -6.000000000000000 0.100000000000000 0.000000000000000 5.000000000000000E-001
0.100000000000000 -2.441485393894915 3.000000000000000 0.000000000000000 1.179002441292091E-001
0.100000000000000 -3.077180497458001 0.331852718544115 -2.441485393894915 1.954744932592656E-003
0.331852718544115 -2.952145887374185 1.634839259419038 -2.441485393894915 1.578747672169990E-003
1.634839259419038 -3.077180497458001 3.000000000000000 -2.441485393894915 1.578747672169990E-003
0.331852718544115 -3.645419790995843 1.634839259419038 -2.952145887374185 6.152641110685684E-001
0.100000000000000 -4.431572976740764 0.331852718544115 -3.077180497458001 8.722254865635452E-002
0.331852718544115 -4.431572976740764 1.634839259419038 -3.645419790995843 4.610406273471233E-002
1.634839259419038 -4.431572976740764 3.000000000000000 -3.077180497458001 4.610406273471233E-002
0.100000000000000 -6.000000000000000 3.000000000000000 -4.431572976740764 7.179530891092488E-002
