0.000100000000000 -6.000000000000000 0.100000000000000 0.000000000000000 5.000000000000000E-001
0.100000000000000 -2.467603419252086 3.000000000000000 0.000000000000000 4.329131825336973E-002
0.100000000000000 -3.006512408221980 0.327156592743372 -2.467603419252086 3.970759341870726E-002
0.327156592743372 -2.881512405796877 1.676277360635953 -2.467603419252086 3.799059703451563E-003
1.676277360635953 -3.006512408221980 3.000000000000000 -2.467603419252086 3.799059703451563E-003
0.327156592743372 -3.641231703227493 1.676277360635953 -2.881512405796877 1.552249525567052E-001
0.100000000000000 -4.115800189961585 0.327156592743372 -3.006512408221980 2.077564786687590E-001
0.327156592743372 -4.115800189961585 1.676277360635953 -3.641231703227493 1.371352376484564E-001
1.676277360635953 -4.115800189961585 3.000000000000000 -3.006512408221980 1.371352376484564E-001
0.100000000000000 -6.000000000000000 3.000000000000000 -4.115800189961585 4.013558498654931E-001
