0.000100000000000 -6.000000000000000 0.100000000000000 0.000000000000000 5.000000000000000E-001
0.100000000000000 -2.252354706324806 3.000000000000000 0.000000000000000 1.294207378098062E-001
0.100000000000000 -3.007532671662943 0.238356340589622 -2.252354706324806 3.712267153226231E-002
0.238356340589622 -2.880623479342320 1.805776670776005 -2.252354706324806 2.402061399149816E-002
1.805776670776005 -3.007532671662943 3.000000000000000 -2.252354706324806 2.402061399149816E-002
0.238356340589622 -3.737636236706667 1.805776670776005 -2.880623479342320 1.156226540338574E-001
0.100000000000000 -4.296838216880763 0.238356340589622 -3.007532671662943 2.329578557038961E-001
0.238356340589622 -4.296838216880763 1.805776670776005 -3.737636236706667 2.283795599343313E-001
1.805776670776005 -4.296838216880763 3.000000000000000 -3.007532671662943 2.283795599343313E-001
0.100000000000000 -6.000000000000000 3.000000000000000 -4.296838216880763 4.013030115037228E-001
