0.040000 0.080000 0.160000 0.320000 0.640000 1.280000 2.000000 
-2.550000000000000 -2.650000000000000 -2.750000000000000 -2.850000000000000 -2.950000000000000 -3.050000000000000 -3.150000000000000 -3.250000000000000 -3.350000000000000 -3.450000000000000 
2.180142467613930E-003 2.192780119987436E-003 2.207341839461971E-003 2.227142911340398E-003 2.258933963941302E-003 2.325175730302183E-003 2.495389909190959E-003 2.843785015229133E-003 3.023708654717581E-003 3.086991237615739E-003 
4.360281161145154E-003 4.385555789757133E-003 4.414678434764043E-003 4.454279646685615E-003 4.517860657905625E-003 4.650342914937044E-003 4.990770332527738E-003 5.687559033296709E-003 6.047404823022097E-003 6.173968669928739E-003 
8.720532135263916E-003 8.771075984483501E-003 8.829314924344713E-003 8.908509894932531E-003 9.035663167183470E-003 9.300617478103634E-003 9.981464793265405E-003 1.137503010676396E-002 1.209470977468624E-002 1.234782691958558E-002 
1.744082295325156E-002 1.754186742421959E-002 1.765829454568500E-002 1.781662491162582E-002 1.807086151243084E-002 1.860068857562959E-002 1.996232309395445E-002 2.274935709323249E-002 2.418862121398485E-002 2.469477118438903E-002 
3.487972107610814E-002 3.508146536198731E-002 3.531391490543762E-002 3.563010063266928E-002 3.613801614184198E-002 3.719701992817421E-002 3.991980960079492E-002 4.549310702184063E-002 4.837087600408479E-002 4.938250367826794E-002 
6.974422340674162E-002 7.014499138594150E-002 7.060669593697974E-002 7.123531767850873E-002 7.224674565431984E-002 7.435961756414973E-002 7.980141025103099E-002 9.094191747226972E-002 9.669145888300892E-002 9.870940817459214E-002 
1.089308660676942E-001 1.095491441900027E-001 1.102612557712083E-001 1.112325573939400E-001 1.128000871060282E-001 1.160864808074190E-001 1.245782369442353E-001 1.419675192813978E-001 1.509336944146140E-001 1.540712934056626E-001 
1.342062E-002
