0.000100000000000 -6.000000000000000 0.100000000000000 0.000000000000000 5.000000000000000E-001
0.100000000000000 -2.393696205700973 3.000000000000000 0.000000000000000 1.903538983055506E-001
0.100000000000000 -3.089701526009184 0.284106084199832 -2.393696205700973 3.370681598995802E-003
0.284106084199832 -2.903617684399532 1.648762430023275 -2.393696205700973 2.742166210763077E-003
1.648762430023275 -3.089701526009184 3.000000000000000 -2.393696205700973 2.742166210763077E-003
0.284106084199832 -3.672793771256646 1.648762430023275 -2.903617684399532 3.284521874716151E-001
0.100000000000000 -4.470718733378487 0.284106084199832 -3.089701526009184 1.333544117470842E-001
0.284106084199832 -4.470718733378487 1.648762430023275 -3.672793771256646 2.529859806114574E-002
1.648762430023275 -4.470718733378487 3.000000000000000 -3.089701526009184 2.529859806114574E-002
0.100000000000000 -6.000000000000000 3.000000000000000 -4.470718733378487 3.784815491197084E-002
