0.040000 0.080000 0.160000 0.320000 0.640000 1.280000 2.000000 
-2.550000000000000 -2.650000000000000 -2.750000000000000 -2.850000000000000 -2.950000000000000 -3.050000000000000 -3.150000000000000 -3.250000000000000 -3.350000000000000 -3.450000000000000 
2.057451278409223E-003 2.081482258103345E-003 2.109696298363294E-003 2.148211441754035E-003 2.210154790705899E-003 2.343659440314640E-003 2.676913618860363E-003 3.020618939963721E-003 3.151457645874102E-003 3.205123642551950E-003 
4.114892562623236E-003 4.162951925978577E-003 4.219376820996923E-003 4.296403241662274E-003 4.420285306233916E-003 4.687289126795040E-003 5.353792864591850E-003 6.041196984510154E-003 6.302868234067656E-003 6.410194411347853E-003 
8.229705222585933E-003 8.325803194336819E-003 8.438627516810494E-003 8.592649449068519E-003 8.840376535500868E-003 9.374340375466755E-003 1.070731092065230E-002 1.208206701654712E-002 1.260536025117491E-002 1.281996611028336E-002 
1.645877284818880E-002 1.665080317750829E-002 1.687624860422141E-002 1.718404583067654E-002 1.767920442228347E-002 1.874678259304497E-002 2.141242900339535E-002 2.416152513921194E-002 2.520771856528674E-002 2.563655937798396E-002 
3.291249625969535E-002 3.329524545186446E-002 3.374452707055418E-002 3.435816847123951E-002 3.534614505218529E-002 3.747853376417435E-002 4.280749325470234E-002 4.830239170148354E-002 5.039166810445466E-002 5.124641591559247E-002 
6.578616235316251E-002 6.654157894432890E-002 6.742777162561960E-002 6.864004124661034E-002 7.059800253170423E-002 7.484150580860841E-002 8.548149277088590E-002 9.644599388102053E-002 1.006006953913792E-001 1.022877381992962E-001 
1.026840937073308E-001 1.038367278977876E-001 1.051874119201694E-001 1.070403315723862E-001 1.100502117201861E-001 1.166222331127049E-001 1.331979648525950E-001 1.502606404977286E-001 1.566871952369511E-001 1.592621351904030E-001 
9.523186E-003
