0.000100000000000 -6.000000000000000 0.100000000000000 0.000000000000000 5.000000000000000E-001
0.100000000000000 -2.450392259587712 3.000000000000000 0.000000000000000 1.234070887710271E-002
0.100000000000000 -3.120894602719395 0.521742145973798 -2.450392259587712 1.429155656559718E-002
0.521742145973798 -2.995821609569552 1.834270200890941 -2.450392259587712 7.417253347832632E-003
1.834270200890941 -3.120894602719395 3.000000000000000 -2.450392259587712 7.417253347832632E-003
0.521742145973798 -3.603071523653746 1.834270200890941 -2.995821609569552 1.229073454846174E+000
0.100000000000000 -4.386201356825906 0.521742145973798 -3.120894602719395 1.108317842624136E-001
0.521742145973798 -4.386201356825906 1.834270200890941 -3.603071523653746 1.623979558540442E-001
1.834270200890941 -4.386201356825906 3.000000000000000 -3.120894602719395 1.623979558540442E-001
0.100000000000000 -6.000000000000000 3.000000000000000 -4.386201356825906 2.011393403631429E-001
