0.000100000000000 -6.000000000000000 0.100000000000000 0.000000000000000 5.000000000000000E-001
0.100000000000000 -2.335733506401410 3.000000000000000 0.000000000000000 2.469732585505638E-001
0.100000000000000 -3.029799838060521 0.297471116032031 -2.335733506401410 1.077153064324822E-002
0.297471116032031 -2.904388047944245 1.726013539147978 -2.335733506401410 7.798260852805536E-003
1.726013539147978 -3.029799838060521 3.000000000000000 -2.335733506401410 7.798260852805536E-003
0.297471116032031 -3.733014749916260 1.726013539147978 -2.904388047944245 3.183008836565663E-001
0.100000000000000 -4.378197923385160 0.297471116032031 -3.029799838060521 1.515052129605222E-001
0.297471116032031 -4.378197923385160 1.726013539147978 -3.733014749916260 9.152688290125961E-002
1.726013539147978 -4.378197923385160 3.000000000000000 -3.029799838060521 9.152688290125961E-002
0.100000000000000 -6.000000000000000 3.000000000000000 -4.378197923385160 1.170326798720182E-001
