0.000100000000000 -6.000000000000000 0.100000000000000 0.000000000000000 5.000000000000000E-001
0.100000000000000 -2.409844083949351 3.000000000000000 0.000000000000000 1.101710009018863E-002
0.100000000000000 -3.121250397656520 0.563077020806301 -2.409844083949351 2.631662546910881E-002
0.563077020806301 -2.995821737855519 1.875317414114563 -2.409844083949351 1.290131778819057E-002
1.875317414114563 -3.121250397656520 3.000000000000000 -2.409844083949351 1.290131778819057E-002
0.563077020806301 -3.590772498049993 1.875317414114563 -2.995821737855519 9.976292220497132E-001
0.100000000000000 -4.351369473954936 0.563077020806301 -3.121250397656520 1.473348325969568E-001
0.563077020806301 -4.351369473954936 1.875317414114563 -3.590772498049993 3.245447989192206E-001
1.875317414114563 -4.351369473954936 3.000000000000000 -3.121250397656520 3.245447989192206E-001
0.100000000000000 -6.000000000000000 3.000000000000000 -4.351369473954936 3.186816955851925E-001
