0.000100000000000 -6.000000000000000 0.100000000000000 0.000000000000000 5.000000000000000E-001
0.100000000000000 -2.369016277043305 3.000000000000000 0.000000000000000 1.950085211156062E-002
0.100000000000000 -3.125994068817347 0.608998344729915 -2.369016277043305 4.139580938084957E-002
0.608998344729915 -2.995822430798321 1.887218009848384 -2.369016277043305 2.464053618872344E-002
1.887218009848384 -3.125994068817347 3.000000000000000 -2.369016277043305 2.464053618872344E-002
0.608998344729915 -3.553560976219573 1.887218009848384 -2.995822430798321 5.455793342055539E-001
0.100000000000000 -4.302023672306065 0.608998344729915 -3.125994068817347 1.725896429440398E-001
0.608998344729915 -4.302023672306065 1.887218009848384 -3.553560976219573 5.331895080719482E-001
1.887218009848384 -4.302023672306065 3.000000000000000 -3.125994068817347 5.331895080719482E-001
0.100000000000000 -6.000000000000000 3.000000000000000 -4.302023672306065 5.524758528935592E-001
