0.040000 0.080000 0.160000 0.320000 0.640000 1.280000 2.000000 
-2.550000000000000 -2.650000000000000 -2.750000000000000 -2.850000000000000 -2.950000000000000 -3.050000000000000 -3.150000000000000 -3.250000000000000 -3.350000000000000 -3.450000000000000 
1.900234474218633E-003 1.917923400381360E-003 1.964247596547087E-003 2.065283322504246E-003 2.324929456582567E-003 2.788809049159101E-003 2.953357519259671E-003 3.012697468217376E-003 3.039463165437607E-003 3.056582603745865E-003 
3.800464275702243E-003 3.835841147317303E-003 3.928488262971050E-003 4.130558078706022E-003 4.649848787178858E-003 5.577605224445418E-003 5.906700258467248E-003 6.025377342489065E-003 6.078905582793095E-003 6.113140848768969E-003 
7.600891190163141E-003 7.671637093009815E-003 7.856921117650708E-003 8.261047667446520E-003 9.299616616016715E-003 1.115510752209687E-002 1.181328235196673E-002 1.205061402591630E-002 1.215764529349489E-002 1.222608696398524E-002 
1.520148414854169E-002 1.534291340019071E-002 1.571340001152408E-002 1.652154872956066E-002 1.859858714531010E-002 2.230939367665111E-002 2.362562179013683E-002 2.410010572900395E-002 2.431396719959534E-002 2.445062040340520E-002 
3.040060321629288E-002 3.068296662031121E-002 3.142329513536851E-002 3.303876612810280E-002 3.719205545647830E-002 4.461228100108270E-002 4.724377618734275E-002 4.819132594510516E-002 4.861746054851417E-002 4.888894965826188E-002 
6.078291581142051E-002 6.134384334779066E-002 6.281954854727130E-002 6.604413974194288E-002 7.434467114027619E-002 8.917446804188428E-002 9.443011292779645E-002 9.631438652497272E-002 9.715455952221454E-002 9.768371932192224E-002 
9.492228750836766E-002 9.578832608667066E-002 9.808051756204406E-002 1.031014817582841E-001 1.160544635619112E-001 1.391967820923330E-001 1.473887835620259E-001 1.503036524699541E-001 1.515838616532196E-001 1.523736143699504E-001 
2.419991E-003
