0.040000 0.080000 0.160000 0.320000 0.640000 1.280000 2.000000 
-2.550000000000000 -2.650000000000000 -2.750000000000000 -2.850000000000000 -2.950000000000000 -3.050000000000000 -3.150000000000000 -3.250000000000000 -3.350000000000000 -3.450000000000000 
1.916453122065030E-003 1.935672371741417E-003 1.982982322089492E-003 2.084960760750485E-003 2.351037200496054E-003 2.826237368681919E-003 3.006469373495637E-003 3.077601862576360E-003 3.112827438073450E-003 3.138075191956533E-003 
3.832902642682805E-003 3.871340157642423E-003 3.965958771583437E-003 4.169913980231310E-003 4.702065179212085E-003 5.652462696099790E-003 6.012924591018176E-003 6.155186560086676E-003 6.225634340091440E-003 6.276126003456926E-003 
7.665776490193067E-003 7.742643649628912E-003 7.931870589488797E-003 8.339767665112933E-003 9.404056626697143E-003 1.130482911781621E-002 1.202573600047210E-002 1.231023588146609E-002 1.245110449184187E-002 1.255205708481903E-002 
1.533132314235007E-002 1.548499464607836E-002 1.586336641362354E-002 1.667905407781469E-002 1.880752475577794E-002 2.260888981835731E-002 2.405056866088650E-002 2.461937646338948E-002 2.490089867025864E-002 2.510255867041461E-002 
3.066082412184785E-002 3.096766930862196E-002 3.172376201424747E-002 3.335429323148546E-002 3.761038439475500E-002 4.521168848682618E-002 4.809397736579245E-002 4.923007302150444E-002 4.979141575241011E-002 5.019279588809367E-002 
6.130757524781123E-002 6.191742633343057E-002 6.342459006863883E-002 6.667913691500227E-002 7.518475449412020E-002 9.037636049833600E-002 9.613271004163872E-002 9.839322087030368E-002 9.950285419472432E-002 1.002907540708657E-001 
9.575398915633521E-002 9.669625054559072E-002 9.903727364000070E-002 1.041044248192046E-001 1.173762230057141E-001 1.410826134599019E-001 1.500542187962920E-001 1.535541907806632E-001 1.552523109443780E-001 1.564428996374675E-001 
6.040465E-004
