0.040000 0.080000 0.160000 0.320000 0.640000 1.280000 2.000000 
-2.550000000000000 -2.650000000000000 -2.750000000000000 -2.850000000000000 -2.950000000000000 -3.050000000000000 -3.150000000000000 -3.250000000000000 -3.350000000000000 -3.450000000000000 
1.928449437724014E-003 1.912038836426358E-003 1.979192504999329E-003 2.126503295082759E-003 2.368138752957039E-003 2.745038741770351E-003 3.018734358472880E-003 3.103600383997290E-003 3.116731047588331E-003 3.085689355309556E-003 
3.856885082082322E-003 3.824063403294592E-003 3.958369428609859E-003 4.252988902207944E-003 4.736257134366525E-003 5.490055365634708E-003 6.037444439602062E-003 6.207175522871896E-003 6.233437185149609E-003 6.171355398270377E-003 
7.713659845565930E-003 7.648012678533061E-003 7.916614235755050E-003 8.505836332668382E-003 9.472351330774379E-003 1.097993382381146E-002 1.207469469815531E-002 1.241414912278155E-002 1.246667512680347E-002 1.234252433166809E-002 
1.542643804771552E-002 1.529511324066364E-002 1.583223244738004E-002 1.701054191034227E-002 1.894340026649491E-002 2.195845353204300E-002 2.414783715308908E-002 2.482668407725474E-002 2.493175747954621E-002 2.468355802869612E-002 
3.084585178472208E-002 3.058295847420608E-002 3.165652688847260E-002 3.401207024699493E-002 3.787641672953648E-002 4.390563059744475E-002 4.828329476932161E-002 4.964049354566429E-002 4.985081018412382E-002 4.935522554447713E-002 
6.163641485612086E-002 6.110868171607283E-002 6.325049861660874E-002 6.795305291427908E-002 7.567087553089286E-002 8.772219702016087E-002 9.646876266525301E-002 9.917921035148874E-002 9.960116099048372E-002 9.861641610383907E-002 
9.614695269904024E-002 9.531654980558298E-002 9.864743894366286E-002 1.059700505019948E-001 1.179971299024866E-001 1.368062244751414E-001 1.504468441598801E-001 1.546701356926933E-001 1.553331146887189E-001 1.538131390673002E-001 
1.721295E-003
