0.000100000000000 -6.000000000000000 0.100000000000000 0.000000000000000 5.000000000000000E-001
0.100000000000000 -2.334551655062715 3.000000000000000 0.000000000000000 3.075652264907918E-002
0.100000000000000 -3.164836066538838 0.656246054224459 -2.334551655062715 5.478441716967276E-002
0.656246054224459 -2.994426456404305 1.838675090909129 -2.334551655062715 3.796953928225709E-002
1.838675090909129 -3.164836066538838 3.000000000000000 -2.334551655062715 3.796953928225709E-002
0.656246054224459 -3.539648151794852 1.838675090909129 -2.994426456404305 3.162769936313927E-001
0.100000000000000 -4.324466904483774 0.656246054224459 -3.164836066538838 1.950237884454036E-001
0.656246054224459 -4.324466904483774 1.838675090909129 -3.539648151794852 3.278875414105807E-001
1.838675090909129 -4.324466904483774 3.000000000000000 -3.164836066538838 3.278875414105807E-001
0.100000000000000 -6.000000000000000 3.000000000000000 -4.324466904483774 3.541165951131694E-001
