0.000100000000000 -6.000000000000000 0.100000000000000 0.000000000000000 5.000000000000000E-001
0.100000000000000 -2.371280199223109 3.000000000000000 0.000000000000000 2.221135773971241E-001
0.100000000000000 -3.046129031876048 0.286465989721512 -2.371280199223109 5.851397114623805E-003
0.286465989721512 -2.900580500457581 1.690505207898936 -2.371280199223109 4.488278564377625E-003
1.690505207898936 -3.046129031876048 3.000000000000000 -2.371280199223109 4.488278564377625E-003
0.286465989721512 -3.684538474769639 1.690505207898936 -2.900580500457581 3.563809322683562E-001
0.100000000000000 -4.422332038089115 0.286465989721512 -3.046129031876048 1.292887598400824E-001
0.286465989721512 -4.422332038089115 1.690505207898936 -3.684538474769639 4.633168378535225E-002
1.690505207898936 -4.422332038089115 3.000000000000000 -3.046129031876048 4.633168378535225E-002
0.100000000000000 -6.000000000000000 3.000000000000000 -4.422332038089115 6.842564046973806E-002
