0.040000 0.080000 0.160000 0.320000 0.640000 1.280000 2.000000 
-2.550000000000000 -2.650000000000000 -2.750000000000000 -2.850000000000000 -2.950000000000000 -3.050000000000000 -3.150000000000000 -3.250000000000000 -3.350000000000000 -3.450000000000000 
1.930899042513572E-003 1.946675681829929E-003 1.992881292854430E-003 2.094379840914331E-003 2.357886425625353E-003 2.830840110038801E-003 3.047362867325470E-003 3.066535258378160E-003 3.096432011357133E-003 3.118046201603052E-003 
3.861793498948279E-003 3.893345785708007E-003 3.985755711644398E-003 4.188751141953551E-003 4.715762707561390E-003 5.661667283879413E-003 6.094710111754889E-003 6.133053031353138E-003 6.192843639472996E-003 6.236068831106661E-003 
7.723550325733104E-003 7.786646968408537E-003 7.971456456651836E-003 8.377433997444039E-003 9.431444304548927E-003 1.132323112834987E-002 1.218929530191371E-002 1.226596624988994E-002 1.238552429716987E-002 1.247194918519270E-002 
1.544680779974585E-002 1.557293777045951E-002 1.594247400614674E-002 1.675432274163481E-002 1.886224096733221E-002 2.264563634281170E-002 2.437759319611877E-002 2.453081624430322E-002 2.476974742577639E-002 2.494239373843184E-002 
3.089128943031293E-002 3.114304703747625E-002 3.188146290896510E-002 3.350431633944615E-002 3.771934015297004E-002 4.528471607863865E-002 4.874726934750314E-002 4.905277358722091E-002 4.952917052733373E-002 4.987285122605165E-002 
6.176448079048609E-002 6.226410568863652E-002 6.373584808859202E-002 6.697500909450323E-002 7.539875412711788E-002 9.051853566548804E-002 9.743311181105839E-002 9.803685901563990E-002 9.897835504789379E-002 9.965330469212602E-002 
9.645591631383632E-002 9.722571485538435E-002 9.951106983776711E-002 1.045539162981451E-001 1.176983545059413E-001 1.412922859707272E-001 1.520669338490934E-001 1.529902200736177E-001 1.544300823717454E-001 1.554504886374778E-001 
9.235188E-004
