0.000100000000000 -6.000000000000000 0.100000000000000 0.000000000000000 5.000000000000000E-001
0.100000000000000 -2.489607931308639 3.000000000000000 0.000000000000000 4.960651356653531E-002
0.100000000000000 -3.120988375730285 0.423140390004927 -2.489607931308639 2.503678465158944E-003
0.423140390004927 -2.952889847458490 1.717290494367970 -2.489607931308639 1.798574527265652E-003
1.717290494367970 -3.120988375730285 3.000000000000000 -2.489607931308639 1.798574527265652E-003
0.423140390004927 -3.640870786624452 1.717290494367970 -2.952889847458490 8.555531820986157E-001
0.100000000000000 -4.488825619220841 0.423140390004927 -3.120988375730285 9.178026015948977E-002
0.423140390004927 -4.488825619220841 1.717290494367970 -3.640870786624452 2.398317722153984E-002
1.717290494367970 -4.488825619220841 3.000000000000000 -3.120988375730285 2.398317722153984E-002
0.100000000000000 -6.000000000000000 3.000000000000000 -4.488825619220841 3.284514537953529E-002
