0.000100000000000 -6.000000000000000 0.100000000000000 0.000000000000000 5.000000000000000E-001
0.100000000000000 -2.382621750457604 3.000000000000000 0.000000000000000 5.455171759345644E-002
0.100000000000000 -3.006512473593171 0.314120609925331 -2.382621750457604 3.777483871060042E-002
0.314120609925331 -2.881512411868727 1.709865641172010 -2.382621750457604 1.124571529997188E-002
1.709865641172010 -3.006512473593171 3.000000000000000 -2.382621750457604 1.124571529997188E-002
0.314120609925331 -3.653981745723259 1.709865641172010 -2.881512411868727 1.518778947061849E-001
0.100000000000000 -4.193262478886798 0.314120609925331 -3.006512473593171 2.070881264853461E-001
0.314120609925331 -4.193262478886798 1.709865641172010 -3.653981745723259 1.963997977759236E-001
1.709865641172010 -4.193262478886798 3.000000000000000 -3.006512473593171 1.963997977759236E-001
0.100000000000000 -6.000000000000000 3.000000000000000 -4.193262478886798 5.458590378268352E-001
