0.040000 0.080000 0.160000 0.320000 0.640000 1.280000 2.000000 
-2.550000000000000 -2.650000000000000 -2.750000000000000 -2.850000000000000 -2.950000000000000 -3.050000000000000 -3.150000000000000 -3.250000000000000 -3.350000000000000 -3.450000000000000 
1.933296861623614E-003 1.941289230882603E-003 1.977980879950295E-003 2.068683311465162E-003 2.334824135810004E-003 2.804146648094717E-003 3.004883195443408E-003 3.062398402363135E-003 3.093147936350767E-003 3.124140649176148E-003 
3.866588683571883E-003 3.882572739250523E-003 3.955955082043079E-003 4.137359085875945E-003 4.669639140376901E-003 5.608282145515516E-003 6.009753024887818E-003 6.124780919908933E-003 6.186277069044436E-003 6.248259064348557E-003 
7.733137067386705E-003 7.765099719744351E-003 7.911856764387383E-003 8.274657905783123E-003 9.339205268546123E-003 1.121647513257538E-002 1.201939917908935E-002 1.224943483068610E-002 1.237240379246405E-002 1.249634035705371E-002 
1.546595229992531E-002 1.552983405133362E-002 1.582328715627473E-002 1.654883465597495E-002 1.867782764374024E-002 2.243223849536719E-002 2.403794522146723E-002 2.449785580320294E-002 2.474360748879353E-002 2.499126174446453E-002 
3.092934775781982E-002 3.105676658877150E-002 3.164318972552412E-002 3.309385084401728E-002 3.735103026437924E-002 4.485883025197491E-002 4.806912323530067E-002 4.898767084734720E-002 4.947769867859241E-002 4.997127312004435E-002 
6.183878879639303E-002 6.209098401992957E-002 6.326011284786062E-002 6.615809813863367E-002 7.466622960136537E-002 8.967394060580436E-002 9.608588342828375E-002 9.791316448692175E-002 9.888185571561409E-002 9.985565014826915E-002 
9.656682795295726E-002 9.695367517909770E-002 9.877020768002406E-002 1.032891375668583E-001 1.165658192978686E-001 1.399934828035487E-001 1.499882202899959E-001 1.528162465089706E-001 1.542984861684784E-001 1.557832190428460E-001 
1.038489E-003
