0.040000 0.080000 0.160000 0.320000 0.640000 1.280000 2.000000 
-2.550000000000000 -2.650000000000000 -2.750000000000000 -2.850000000000000 -2.950000000000000 -3.050000000000000 -3.150000000000000 -3.250000000000000 -3.350000000000000 -3.450000000000000 
1.887186361023789E-003 1.951362468992831E-003 2.055152814478206E-003 2.198861145068800E-003 2.384781362120608E-003 2.646337573317014E-003 2.984198523185141E-003 3.190823082652349E-003 3.241479961192139E-003 3.202690733924374E-003 
3.774293293594959E-003 3.902625670029287E-003 4.110176067546832E-003 4.397556230461852E-003 4.769355700902290E-003 5.292426214355715E-003 5.968117019330006E-003 6.381340605473475E-003 6.482648446463204E-003 6.405082445518624E-003 
7.547951904380939E-003 7.804458122063920E-003 8.219316843999522E-003 8.793785510528710E-003 9.537057104569776E-003 1.058286322730063E-002 1.193399634814209E-002 1.276023948022408E-002 1.296280788651506E-002 1.280777540816379E-002 
1.509085006117686E-002 1.560259997335464E-002 1.643038957350337E-002 1.757700403871462E-002 1.906093999396648E-002 2.114988469402375E-002 2.385017158247244E-002 2.550103261267267E-002 2.590579290759178E-002 2.559652078985729E-002 
3.014201408838708E-002 3.115559437911308E-002 3.279602506529272E-002 3.507099755577804E-002 3.801837373808663E-002 4.217528951629980E-002 4.756029702834687E-002 5.084923963045917E-002 5.165580103416004E-002 5.104349440617985E-002 
5.998857878056891E-002 6.194173643308866E-002 6.510953686331025E-002 6.952310785875061E-002 7.526462965054889E-002 8.342154553491175E-002 9.407499418118165E-002 1.005572387330785E-001 1.021482578513977E-001 1.009704277668421E-001 
9.297461308181040E-002 9.583571852375961E-002 1.004937570048040E-001 1.070374551970990E-001 1.156117119425421E-001 1.279497910152070E-001 1.442927339018445E-001 1.541729306868446E-001 1.566017728008029E-001 1.548834969943572E-001 
4.058115E-003
