0.000100000000000 -6.000000000000000 0.100000000000000 0.000000000000000 5.000000000000000E-001
0.100000000000000 -2.296240059627829 3.000000000000000 0.000000000000000 5.504426128880302E-002
0.100000000000000 -3.212301682797045 0.704566557249448 -2.296240059627829 7.117646042087489E-002
0.704566557249448 -2.959533449185735 1.794049755147095 -2.296240059627829 7.015050777950657E-002
1.794049755147095 -3.212301682797045 3.000000000000000 -2.296240059627829 7.015050777950657E-002
0.704566557249448 -3.499231507271814 1.794049755147095 -2.959533449185735 1.816123085276838E-001
0.100000000000000 -4.288273881026409 0.704566557249448 -3.212301682797045 1.951656479113380E-001
0.704566557249448 -4.288273881026409 1.794049755147095 -3.499231507271814 1.863654069004027E-001
1.794049755147095 -4.288273881026409 3.000000000000000 -3.212301682797045 1.863654069004027E-001
0.100000000000000 -6.000000000000000 3.000000000000000 -4.288273881026409 1.825458871859880E-001
