0.000100000000000 -6.000000000000000 0.100000000000000 0.000000000000000 5.000000000000000E-001
0.100000000000000 -2.431148046627897 3.000000000000000 0.000000000000000 4.446428399580499E-002
0.100000000000000 -3.006512423095354 0.322341262519225 -2.431148046627897 3.897974033622654E-002
0.322341262519225 -2.881512406263144 1.712765121751134 -2.431148046627897 7.404172588943542E-003
1.712765121751134 -3.006512423095354 3.000000000000000 -2.431148046627897 7.404172588943542E-003
0.322341262519225 -3.647373781010021 1.712765121751134 -2.881512406263144 1.545801331788648E-001
0.100000000000000 -4.162388219949142 0.322341262519225 -3.006512423095354 2.075178811652997E-001
0.322341262519225 -4.162388219949142 1.712765121751134 -3.647373781010021 1.492184673109808E-001
1.712765121751134 -4.162388219949142 3.000000000000000 -3.006512423095354 1.492184673109808E-001
0.100000000000000 -6.000000000000000 3.000000000000000 -4.162388219949142 4.323405681437820E-001
