0.000100000000000 -6.000000000000000 0.100000000000000 0.000000000000000 5.000000000000000E-001
0.100000000000000 -2.337028068926522 3.000000000000000 0.000000000000000 7.965120951727844E-002
0.100000000000000 -3.006513162879096 0.307444906093281 -2.337028068926522 3.441259016027983E-002
0.307444906093281 -2.881512766274325 1.750105019924202 -2.337028068926522 2.214051492791746E-002
1.750105019924202 -3.006513162879096 3.000000000000000 -2.337028068926522 2.214051492791746E-002
0.307444906093281 -3.692918243874003 1.750105019924202 -2.881512766274325 1.614028316581360E-001
0.100000000000000 -4.236406003159401 0.307444906093281 -3.006513162879096 2.038618562848138E-001
0.307444906093281 -4.236406003159401 1.750105019924202 -3.692918243874003 1.864840902474934E-001
1.750105019924202 -4.236406003159401 3.000000000000000 -3.006513162879096 1.864840902474934E-001
0.100000000000000 -6.000000000000000 3.000000000000000 -4.236406003159401 3.985268437628947E-001
