0.040000 0.080000 0.160000 0.320000 0.640000 1.280000 2.000000 
-2.550000000000000 -2.650000000000000 -2.750000000000000 -2.850000000000000 -2.950000000000000 -3.050000000000000 -3.150000000000000 -3.250000000000000 -3.350000000000000 -3.450000000000000 
1.890469413171491E-003 1.915577403702194E-003 2.011495502009078E-003 2.161363081908916E-003 2.357864773624775E-003 2.593561468515405E-003 2.942190640849111E-003 3.127892061597214E-003 3.163981057648960E-003 3.114304290308509E-003 
3.780903880338911E-003 3.831108345389509E-003 4.022929616676681E-003 4.322646374869495E-003 4.715628892875253E-003 5.187007689567823E-003 5.884249534223952E-003 6.255642682897513E-003 6.327819995751504E-003 6.228474802192696E-003 
7.561528358653826E-003 7.661845214198528E-003 8.045368422604098E-003 8.644654809334875E-003 9.430453014975410E-003 1.037309392678213E-002 1.176744568794402E-002 1.251015448466445E-002 1.265450367913606E-002 1.245587998458309E-002 
1.512082679989432E-002 1.532072562313723E-002 1.608681955155817E-002 1.728421794349892E-002 1.885448268119290E-002 2.073883306731073E-002 2.352648346072756E-002 2.501128238831869E-002 2.529993741545059E-002 2.490322240463744E-002 
3.022398211141013E-002 3.061795478096189E-002 3.214259194767843E-002 3.452807781185246E-002 3.765804797073630E-002 4.141936108827284E-002 4.698630959238782E-002 4.995100054853041E-002 5.052796649896283E-002 4.973875868202284E-002 
6.031175335078530E-002 6.105476335451022E-002 6.404576090116638E-002 6.874483294698587E-002 7.492319239926697E-002 8.238868161385536E-002 9.345799849954303E-002 9.934943058554449E-002 1.005006955429165E-001 9.895492468921729E-002 
9.386107015082644E-002 9.489772798258975E-002 9.940977378870219E-002 1.065527158537165E-001 1.159799340596328E-001 1.274857544846489E-001 1.446019574972234E-001 1.537017155517405E-001 1.554931085867303E-001 1.531686203750517E-001 
3.905787E-003
