0.000100000000000 -6.000000000000000 0.100000000000000 0.000000000000000 5.000000000000000E-001
0.100000000000000 -2.536438976322148 3.000000000000000 0.000000000000000 3.528822107454873E-002
0.100000000000000 -3.120821631051989 0.469956655035134 -2.536438976322148 4.774446691919242E-003
0.469956655035134 -2.995821608298077 1.755609352034574 -2.536438976322148 2.901348376667558E-003
1.755609352034574 -3.120821631051989 3.000000000000000 -2.536438976322148 2.901348376667558E-003
0.469956655035134 -3.614493044864002 1.755609352034574 -2.995821608298077 1.189407387053131E+000
0.100000000000000 -4.454984187067806 0.469956655035134 -3.120821631051989 8.410529156008927E-002
0.469956655035134 -4.454984187067806 1.755609352034574 -3.614493044864002 4.367206012846914E-002
1.755609352034574 -4.454984187067806 3.000000000000000 -3.120821631051989 4.367206012846914E-002
0.100000000000000 -6.000000000000000 3.000000000000000 -4.454984187067806 6.100434714181831E-002
