0.040000 0.080000 0.160000 0.320000 0.640000 1.280000 2.000000 
-2.550000000000000 -2.650000000000000 -2.750000000000000 -2.850000000000000 -2.950000000000000 -3.050000000000000 -3.150000000000000 -3.250000000000000 -3.350000000000000 -3.450000000000000 
1.926982541344468E-003 1.951302254294629E-003 2.048433211024093E-003 2.198504957245066E-003 2.378093342191095E-003 2.647849226109220E-003 2.980642166820502E-003 3.174290323746660E-003 3.207455937581883E-003 3.147196758660545E-003 
3.853892889453793E-003 3.902513630774425E-003 4.096746343255821E-003 4.396854031535113E-003 4.756000118334362E-003 5.295471499392116E-003 5.961028580821926E-003 6.348303960809026E-003 6.414633843776898E-003 6.294131545014883E-003 
7.707208830852594E-003 7.804300987525933E-003 8.192533038622728E-003 8.792462265207829E-003 9.510509211151852E-003 1.058912919117349E-002 1.192001317255359E-002 1.269439662157633E-002 1.282704563989189E-002 1.258616939294535E-002 
1.540982112344330E-002 1.560281562924352E-002 1.637742019421591E-002 1.757499847260257E-002 1.900913809942437E-002 2.116380574554355E-002 2.382373923117045E-002 2.537117272552350E-002 2.563638510052300E-002 2.515565552106566E-002 
3.078346881567162E-002 3.116009031055909E-002 3.269465753197312E-002 3.507185650321647E-002 3.792473926664230E-002 4.221380874324352E-002 4.751921922758387E-002 5.060357890624595E-002 5.113332840694754E-002 5.017993021482636E-002 
6.129544785861864E-002 6.197826295535386E-002 6.493726938270863E-002 6.955649259427150E-002 7.514619291703019E-002 8.357155742837218E-002 9.407328739690118E-002 1.001627320820832E-001 1.012171296047561E-001 9.937116093704429E-002 
9.506621555409799E-002 9.594870464182145E-002 1.002835075980443E-001 1.071460787587022E-001 1.155741469949568E-001 1.283362009625934E-001 1.444570008039657E-001 1.537624589526423E-001 1.553964430567833E-001 1.526727747622322E-001 
3.794132E-003
