0.040000 0.080000 0.160000 0.320000 0.640000 1.280000 2.000000 
-2.550000000000000 -2.650000000000000 -2.750000000000000 -2.850000000000000 -2.950000000000000 -3.050000000000000 -3.150000000000000 -3.250000000000000 -3.350000000000000 -3.450000000000000 
1.931427713980455E-003 1.919806680580263E-003 1.977139290872100E-003 2.107714862706659E-003 2.358902732108537E-003 2.789926663978847E-003 3.058825122288480E-003 3.145890207360189E-003 3.172714058788568E-003 3.166027686078148E-003 
3.862840058598352E-003 3.839598033385687E-003 3.954262462940456E-003 4.215412042988564E-003 4.717785614101860E-003 5.579831526484123E-003 6.117626109085944E-003 6.291754922813347E-003 6.345402250839047E-003 6.332030157991122E-003 
7.725557199948703E-003 7.679073481051858E-003 7.908396012167080E-003 8.430682664655837E-003 9.435412467714071E-003 1.115948868321341E-002 1.223505917873650E-002 1.258330595579386E-002 1.269059761273521E-002 1.266385864573736E-002 
1.545013226512462E-002 1.535716744206055E-002 1.581576188797314E-002 1.686023517777711E-002 1.886955614339458E-002 2.231758375188132E-002 2.446857546432298E-002 2.516498224487444E-002 2.537954155101848E-002 2.532610530637185E-002 
3.089244573956574E-002 3.070653582137335E-002 3.162332003006298E-002 3.371146796047264E-002 3.772900307824757E-002 4.462406136534194E-002 4.892485307982977E-002 5.031697339798662E-002 5.074589947904981E-002 5.063935858845293E-002 
6.172353942069725E-002 6.135184058926013E-002 6.318217983287287E-002 6.735213329314442E-002 7.537842218393248E-002 8.916061574284929E-002 9.775274516608735E-002 1.005314701645262E-001 1.013877678412689E-001 1.011772790588676E-001 
9.626677308826048E-002 9.568611861536117E-002 9.853639067790604E-002 1.050332198201384E-001 1.175484268138850E-001 1.390596742791889E-001 1.524570314276653E-001 1.567824390520680E-001 1.581156486212638E-001 1.577941511196723E-001 
1.172074E-003
