0.040000 0.080000 0.160000 0.320000 0.640000 1.280000 2.000000 
-2.550000000000000 -2.650000000000000 -2.750000000000000 -2.850000000000000 -2.950000000000000 -3.050000000000000 -3.150000000000000 -3.250000000000000 -3.350000000000000 -3.450000000000000 
1.920185167333390E-003 1.937596851519068E-003 1.983876617039459E-003 2.085440977120696E-003 2.351392127814013E-003 2.826824019349899E-003 3.007365872448965E-003 3.078281423849885E-003 3.112483844177754E-003 3.135820995667699E-003 
3.840367017679902E-003 3.875189490656788E-003 3.967747851010926E-003 4.170875052769144E-003 4.702775821874321E-003 5.653637012763082E-003 6.014718785250453E-003 6.156547162044076E-003 6.224948977460812E-003 6.271619857215399E-003 
7.680707512923961E-003 7.750345299495046E-003 7.935452659571376E-003 8.341694922076903E-003 9.405484208237624E-003 1.130718586329523E-002 1.202933394706871E-002 1.231296890514424E-002 1.244974834868968E-002 1.254306273945530E-002 
1.536120327582878E-002 1.550042169431270E-002 1.587056168456473E-002 1.668294928008664E-002 1.881043003391894E-002 2.261366787313105E-002 2.405784062181891E-002 2.462493657449768E-002 2.489830242991762E-002 2.508471280585546E-002 
3.072072614566405E-002 3.099870955567064E-002 3.173839660591420E-002 3.336240264629164E-002 3.761658786945271E-002 4.522175063115866E-002 4.810911734574678E-002 4.924193022066414E-002 4.978713244389745E-002 5.015822317574184E-002 
6.142842562925913E-002 6.198088178140706E-002 6.345566286284844E-002 6.669771432007746E-002 7.520006639485334E-002 9.040022101050738E-002 9.616738660674894E-002 9.842236836409771E-002 9.950098904483197E-002 1.002298577191532E-001 
9.594544025146667E-002 9.679885117835395E-002 9.909035819439754E-002 1.041393857539133E-001 1.174074551898796E-001 1.411292621621411E-001 1.501193957080038E-001 1.536133011392830E-001 1.552661232945720E-001 1.563683419380153E-001 
5.963530E-004
