0.000100000000000 -6.000000000000000 0.100000000000000 0.000000000000000 5.000000000000000E-001
0.100000000000000 -2.299642931764537 3.000000000000000 0.000000000000000 2.314121152055886E-001
0.100000000000000 -3.024971548711084 0.274039788430650 -2.299642931764537 2.094892083429212E-002
0.274039788430650 -2.869601227186872 1.772115167005587 -2.299642931764537 1.377816150600994E-002
1.772115167005587 -3.024971548711084 3.000000000000000 -2.299642931764537 1.377816150600994E-002
0.274039788430650 -3.733277910304101 1.772115167005587 -2.869601227186872 1.782041094538681E-001
0.100000000000000 -4.330729247836353 0.274039788430650 -3.024971548711084 1.918169353505443E-001
0.274039788430650 -4.330729247836353 1.772115167005587 -3.733277910304101 1.635049774644171E-001
1.772115167005587 -4.330729247836353 3.000000000000000 -3.024971548711084 1.635049774644171E-001
0.100000000000000 -6.000000000000000 3.000000000000000 -4.330729247836353 2.079281363140305E-001
