0.040000 0.080000 0.160000 0.320000 0.640000 1.280000 2.000000 
-2.550000000000000 -2.650000000000000 -2.750000000000000 -2.850000000000000 -2.950000000000000 -3.050000000000000 -3.150000000000000 -3.250000000000000 -3.350000000000000 -3.450000000000000 
1.899099560955974E-003 1.873418809513840E-003 1.930134174837459E-003 2.059050935451055E-003 2.251484457152366E-003 2.547048828733681E-003 2.906608180840477E-003 3.034977079889349E-003 3.052529222814291E-003 3.017384897459875E-003 
3.798189923777429E-003 3.746828048504513E-003 3.860257820149431E-003 4.118089816982769E-003 4.502954925312212E-003 5.094082423372474E-003 5.813199541331223E-003 6.069936700801397E-003 6.105041364636418E-003 6.034754052356861E-003 
7.596306276357795E-003 7.493579546730612E-003 7.720431418752495E-003 8.236083218827576E-003 9.005797956014135E-003 1.018804299184106E-002 1.162626453886212E-002 1.213973374887481E-002 1.220994609914994E-002 1.206938218098594E-002 
1.519202442683293E-002 1.498654713829706E-002 1.544018953436217E-002 1.647139562115767E-002 1.801070130967631E-002 2.037511171909728E-002 2.325145333467319E-002 2.427835088444108E-002 2.441879974025009E-002 2.413775750310459E-002 
3.037935799725771E-002 2.996821289380308E-002 3.087500761083207E-002 3.293664091973673E-002 3.601426356151337E-002 4.074244764318327E-002 4.649432010413567E-002 4.854778832988810E-002 4.882887844592107E-002 4.826747708834631E-002 
6.072163578297396E-002 5.989782485787751E-002 6.170751624127604E-002 6.582459117456151E-002 7.197197579234317E-002 8.142326824987199E-002 9.292056052065525E-002 9.702488508832062E-002 9.758857809539413E-002 9.647118721721426E-002 
9.476924046937936E-002 9.347749496895270E-002 9.629358789265186E-002 1.027081941194124E-001 1.122902158659217E-001 1.270427454256827E-001 1.449881190089889E-001 1.513933063212756E-001 1.522784404215265E-001 1.505484069025959E-001 
5.147957E-003
