0.000100000000000 -6.000000000000000 0.100000000000000 0.000000000000000 5.000000000000000E-001
0.100000000000000 -2.299761928010504 3.000000000000000 0.000000000000000 8.323122064525812E-002
0.100000000000000 -3.006565033271850 0.274567667041873 -2.299761928010504 2.382405692281416E-002
0.274567667041873 -2.881550177041321 1.783971413662905 -2.299761928010504 3.661747337142996E-002
1.783971413662905 -3.006565033271850 3.000000000000000 -2.299761928010504 3.661747337142996E-002
0.274567667041873 -3.700754438346331 1.783971413662905 -2.881550177041321 1.575240846640105E-001
0.100000000000000 -4.255303667158421 0.274567667041873 -3.006565033271850 1.973350400279426E-001
0.274567667041873 -4.255303667158421 1.783971413662905 -3.700754438346331 1.328780932601979E-001
1.783971413662905 -4.255303667158421 3.000000000000000 -3.006565033271850 1.328780932601979E-001
0.100000000000000 -6.000000000000000 3.000000000000000 -4.255303667158421 4.859384647169796E-001
