0.040000 0.080000 0.160000 0.320000 0.640000 1.280000 2.000000 
-2.550000000000000 -2.650000000000000 -2.750000000000000 -2.850000000000000 -2.950000000000000 -3.050000000000000 -3.150000000000000 -3.250000000000000 -3.350000000000000 -3.450000000000000 
1.926708695199324E-003 1.919440503992926E-003 1.961627844775007E-003 2.063055282559345E-003 2.296107402658834E-003 2.756210260920369E-003 2.964440490988967E-003 3.031274621313990E-003 3.055019299942396E-003 3.066079027860221E-003 
3.853407594758626E-003 3.838871626460600E-003 3.923246271273384E-003 4.126100701089307E-003 4.592204125247566E-003 5.512408782727078E-003 5.928868882250322E-003 6.062536272810119E-003 6.110024879741226E-003 6.132143693833820E-003 
7.706736846286200E-003 7.677668221583644E-003 7.846417216932048E-003 8.252122510891451E-003 9.184322831923979E-003 1.102472367592178E-002 1.185764099010001E-002 1.212496881171977E-002 1.221994002411895E-002 1.226417251941590E-002 
1.541284764626480E-002 1.535473685927619E-002 1.569223248724716E-002 1.650361456239522E-002 1.836796301807612E-002 2.204869698263030E-002 2.371450853344147E-002 2.424910853985232E-002 2.443900298946895E-002 2.452742695062042E-002 
3.082070919271584E-002 3.070469827614937E-002 3.137967035987094E-002 3.300220681821454E-002 3.673048724570625E-002 4.409141479873727E-002 4.742285332604814E-002 4.849160949279944E-002 4.887101575504931E-002 4.904753651652254E-002 
6.160222787507064E-002 6.137185864805641E-002 6.272164101872453E-002 6.596490537684138E-002 7.341816608758407E-002 8.813574262098217E-002 9.479714470413933E-002 9.693114562312147E-002 9.768693376377446E-002 9.803739189684760E-002 
9.614046435243538E-002 9.578525699340422E-002 9.789375075156280E-002 1.029560088151149E-001 1.145920331408399E-001 1.375756983657657E-001 1.479797234942201E-001 1.513038218689319E-001 1.524759076358871E-001 1.530159706439139E-001 
2.400275E-003
