0.040000 0.080000 0.160000 0.320000 0.640000 1.280000 2.000000 
-2.550000000000000 -2.650000000000000 -2.750000000000000 -2.850000000000000 -2.950000000000000 -3.050000000000000 -3.150000000000000 -3.250000000000000 -3.350000000000000 -3.450000000000000 
1.911787017377508E-003 1.902907300705937E-003 1.984161266787295E-003 2.142927695959403E-003 2.380669824216795E-003 2.741272845316801E-003 3.044825875320361E-003 3.168885135595182E-003 3.181594181422885E-003 3.117644532718954E-003 
3.823556103865557E-003 3.805791806076856E-003 3.968294607196745E-003 4.285819208381572E-003 4.761293596380256E-003 5.482488389990224E-003 6.089587377362532E-003 6.337701219567638E-003 6.363119319452559E-003 6.235224635731393E-003 
7.646968805961982E-003 7.611401307315549E-003 7.936365873796380E-003 8.571349038750772E-003 9.522218889762329E-003 1.096451851423744E-002 1.217865992367642E-002 1.267485019178145E-002 1.272568645718833E-002 1.246993398862087E-002 
1.529279184681139E-002 1.522134602275120E-002 1.587094727329592E-002 1.714038593859537E-002 1.904149498026974E-002 2.192537535732917E-002 2.435320615784382E-002 2.534528769734846E-002 2.544696074720759E-002 2.493575066164048E-002 
3.057646369088120E-002 3.043109808947215E-002 3.172769037418126E-002 3.426236658843779E-002 3.805956292621063E-002 4.382159912538175E-002 4.867366062268823E-002 5.065544235091071E-002 5.085879241037020E-002 4.983872024773726E-002 
6.108141139601116E-002 6.077128501254925E-002 6.334399001093166E-002 6.838036612374447E-002 7.593532201128823E-002 8.741442549149794E-002 9.709025023846758E-002 1.010350956743429E-001 1.014418214677368E-001 9.942012279378933E-002 
9.523457359887638E-002 9.469440111198139E-002 9.865543513029695E-002 1.064299657088466E-001 1.181210751615618E-001 1.359276561686920E-001 1.509645084733642E-001 1.570743415423138E-001 1.577098881350409E-001 1.546041172948169E-001 
2.097497E-003
