0.000100000000000 -6.000000000000000 0.100000000000000 0.000000000000000 5.000000000000000E-001
0.100000000000000 -2.488769093679311 3.000000000000000 0.000000000000000 7.771713665200125E-002
0.100000000000000 -3.078192837832761 0.375699364985872 -2.488769093679311 1.269615270856047E-003
0.375699364985872 -2.952526438561580 1.680974450935633 -2.488769093679311 1.262963061133820E-003
1.680974450935633 -3.078192837832761 3.000000000000000 -2.488769093679311 1.262963061133820E-003
0.375699364985872 -3.641594435804842 1.680974450935633 -2.952526438561580 7.172974126187553E-001
0.100000000000000 -4.446236333201911 0.375699364985872 -3.078192837832761 8.304541990456460E-002
0.375699364985872 -4.446236333201911 1.680974450935633 -3.641594435804842 3.475375881540794E-002
1.680974450935633 -4.446236333201911 3.000000000000000 -3.078192837832761 3.475375881540794E-002
0.100000000000000 -6.000000000000000 3.000000000000000 -4.446236333201911 5.713776710457906E-002
