0.040000 0.080000 0.160000 0.320000 0.640000 1.280000 2.000000 
-2.550000000000000 -2.650000000000000 -2.750000000000000 -2.850000000000000 -2.950000000000000 -3.050000000000000 -3.150000000000000 -3.250000000000000 -3.350000000000000 -3.450000000000000 
1.938389790880933E-003 2.002008159487234E-003 2.081800624049973E-003 2.185585292211357E-003 2.327634667866366E-003 2.578926165417432E-003 2.971125374669465E-003 3.216620853843312E-003 3.302961484240914E-003 3.322718082483288E-003 
3.876711928022648E-003 4.003933482151402E-003 4.163495380326960E-003 4.371037471165752E-003 4.655105623513989E-003 5.157656170929898E-003 5.942029506648386E-003 6.432994580825443E-003 6.605660299969749E-003 6.645168205834647E-003 
7.752883348490451E-003 8.007205149611417E-003 8.326144936792183E-003 8.741011434654312E-003 9.308903260262019E-003 1.031374510468656E-002 1.188229137029919E-002 1.286401471577054E-002 1.320922199139040E-002 1.328819554867167E-002 
1.550146561748016E-002 1.600914377415217E-002 1.664555886156757E-002 1.747355929721694E-002 1.860739706744935E-002 2.061501728371291E-002 2.375051472535883E-002 2.571231559439722E-002 2.640174227049481E-002 2.655935359238629E-002 
3.096924116774821E-002 3.197703062949670E-002 3.323838214539553E-002 3.488080117342773E-002 3.713322087485146E-002 4.113228286156239E-002 4.739077208548545E-002 5.130147618442158E-002 5.267259616359677E-002 5.298520252217188E-002 
6.168999050280319E-002 6.364962243760142E-002 6.608744151800881E-002 6.927178277693119E-002 7.366368737675760E-002 8.154202612918889E-002 9.396642574142990E-002 1.016925227932053E-001 1.043778549198754E-001 1.049841786768712E-001 
9.576495405454712E-002 9.868519776705546E-002 1.022792416466794E-001 1.069998084010436E-001 1.135753218369792E-001 1.255808579000558E-001 1.447588073591230E-001 1.565897293288597E-001 1.606430268146556E-001 1.615452598156464E-001 
5.434529E-003
