0.000100000000000 -6.000000000000000 0.100000000000000 0.000000000000000 5.000000000000000E-001
0.100000000000000 -2.496921791548282 3.000000000000000 0.000000000000000 2.172699953991115E-002
0.100000000000000 -3.120833319254857 0.489379977231798 -2.496921791548282 8.544473117309411E-003
0.489379977231798 -2.995821608298571 1.792953247337508 -2.496921791548282 5.108635483597584E-003
1.792953247337508 -3.120833319254857 3.000000000000000 -2.496921791548282 5.108635483597584E-003
0.489379977231798 -3.612169553325426 1.792953247337508 -2.995821608298571 1.213734498864597E+000
0.100000000000000 -4.420641757914074 0.489379977231798 -3.120833319254857 9.257366638846448E-002
0.489379977231798 -4.420641757914074 1.792953247337508 -3.612169553325426 8.527173242673294E-002
1.792953247337508 -4.420641757914074 3.000000000000000 -3.120833319254857 8.527173242673294E-002
0.100000000000000 -6.000000000000000 3.000000000000000 -4.420641757914074 1.108790327104943E-001
