0.040000 0.080000 0.160000 0.320000 0.640000 1.280000 2.000000 
-2.550000000000000 -2.650000000000000 -2.750000000000000 -2.850000000000000 -2.950000000000000 -3.050000000000000 -3.150000000000000 -3.250000000000000 -3.350000000000000 -3.450000000000000 
1.992151103526820E-003 2.031803220855645E-003 2.079883876421034E-003 2.144576388130992E-003 2.244238805538199E-003 2.456409175387417E-003 2.874731858175772E-003 3.136076622315782E-003 3.242094351681817E-003 3.297085986178336E-003 
3.984263914605797E-003 4.063557750333625E-003 4.159706261125609E-003 4.289075801771528E-003 4.488382318110857E-003 4.912701909642467E-003 5.749322554744286E-003 6.271987392773061E-003 6.483999033082638E-003 6.593959752618611E-003 
7.968222006198974E-003 8.126726625213666E-003 8.318921415012342E-003 8.577536840926339E-003 8.976003570518856E-003 9.824473854127626E-003 1.149751771744030E-002 1.254265021653939E-002 1.296648329371578E-002 1.318622467536292E-002 
1.593401383009736E-002 1.625036306104978E-002 1.663394021120061E-002 1.715018838508409E-002 1.794595920898874E-002 1.964155762570089E-002 2.298607664364587E-002 2.507477517544377E-002 2.592093062422098E-002 2.635898365305964E-002 
3.184909480663050E-002 3.247665003199248E-002 3.323747312090820E-002 3.426231161415855E-002 3.584479368816122E-002 3.922553376555809E-002 4.590235402589766E-002 5.006755874401291E-002 5.174812244721103E-002 5.261312292467111E-002 
6.356116574729528E-002 6.477901433604724E-002 6.625478603570566E-002 6.824897790883920E-002 7.134831864936390E-002 7.803410080185158E-002 9.129941092474320E-002 9.954189948514071E-002 1.028186325836570E-001 1.044691891523509E-001 
9.898062874754822E-002 1.007925430513183E-001 1.029863944115418E-001 1.059668062409203E-001 1.106493407645826E-001 1.209113417701481E-001 1.414237002483943E-001 1.540901508596545E-001 1.590079029153467E-001 1.613985218169350E-001 
6.832042E-003
