0.040000 0.080000 0.160000 0.320000 0.640000 1.280000 2.000000 
-2.550000000000000 -2.650000000000000 -2.750000000000000 -2.850000000000000 -2.950000000000000 -3.050000000000000 -3.150000000000000 -3.250000000000000 -3.350000000000000 -3.450000000000000 
1.918921315844344E-003 1.941486633481809E-003 1.982617584652725E-003 2.076720721989089E-003 2.363716585345723E-003 2.821326334331654E-003 3.030301988905823E-003 3.102784143621765E-003 3.134515016661464E-003 3.151506181871988E-003 
3.837838273064452E-003 3.882967970351757E-003 3.965228736940805E-003 4.153433629847265E-003 4.727423688114045E-003 5.642641329560462E-003 6.060590772236378E-003 6.205553365041833E-003 6.269013570110640E-003 6.302994498626056E-003 
7.675641685515052E-003 7.765893577957110E-003 7.930406027296734E-003 8.306804761639062E-003 9.454771533857221E-003 1.128519196812585E-002 1.212107592550771E-002 1.241098738184014E-002 1.253789546757364E-002 1.260584611298663E-002 
1.535100474845727E-002 1.553144857623011E-002 1.586040087601055E-002 1.661311001939237E-002 1.890893691175488E-002 2.256965910626026E-002 2.424130771789760E-002 2.482102091635726E-002 2.507473861006146E-002 2.521055032337286E-002 
3.069978889409464E-002 3.106019878321901E-002 3.171752487356972E-002 3.322223930416259E-002 3.781304313846105E-002 4.513354179623785E-002 4.847588843472014E-002 4.963444093585262E-002 5.014109224154003E-002 5.041200272082741E-002 
6.138207579643593E-002 6.209913279756479E-002 6.340922847419840E-002 6.641311261399863E-002 7.558802308640646E-002 9.022156931016981E-002 9.689877826212573E-002 9.920901168660397E-002 1.002161587504952E-001 1.007523910912750E-001 
9.585869737806897E-002 9.696819687729828E-002 9.900201741898325E-002 1.036795121826497E-001 1.179958835032716E-001 1.408391915013895E-001 1.512506594656410E-001 1.548405622302565E-001 1.563965253057492E-001 1.572183715602155E-001 
0.000000E+000
