0.000100000000000 -6.000000000000000 0.100000000000000 0.000000000000000 5.000000000000000E-001
0.100000000000000 -2.506506649143296 3.000000000000000 0.000000000000000 3.762523211212271E-002
0.100000000000000 -3.256436118318264 0.229592927002465 -2.506506649143296 2.794107974170933E-002
0.229592927002465 -2.981872035846135 1.450021943484368 -2.506506649143296 1.284261367118766E-002
1.450021943484368 -3.256436118318264 3.000000000000000 -2.506506649143296 1.284261367118766E-002
0.229592927002465 -3.847828858141644 1.450021943484368 -2.981872035846135 3.908823213197281E-001
0.100000000000000 -4.517920125924717 0.229592927002465 -3.256436118318264 6.207529036166288E-002
0.229592927002465 -4.517920125924717 1.450021943484368 -3.847828858141644 9.534557473415510E-002
1.450021943484368 -4.517920125924717 3.000000000000000 -3.256436118318264 9.534557473415510E-002
0.100000000000000 -6.000000000000000 3.000000000000000 -4.517920125924717 3.160535867681693E-001
