0.000100000000000 -6.000000000000000 0.100000000000000 0.000000000000000 5.000000000000000E-001
0.100000000000000 -2.528237459167014 3.000000000000000 0.000000000000000 5.808778035396979E-002
0.100000000000000 -3.247351151560435 0.226182818926666 -2.528237459167014 3.186066132749988E-002
0.226182818926666 -3.013136012080827 1.375518347954515 -2.528237459167014 6.812448304188262E-003
1.375518347954515 -3.247351151560435 3.000000000000000 -2.528237459167014 6.812448304188262E-003
0.226182818926666 -3.846705725533064 1.375518347954515 -3.013136012080827 4.266006195701540E-001
0.100000000000000 -4.605283040501046 0.226182818926666 -3.247351151560435 3.209376897263654E-002
0.226182818926666 -4.605283040501046 1.375518347954515 -3.846705725533064 1.142060607308930E-001
1.375518347954515 -4.605283040501046 3.000000000000000 -3.247351151560435 1.142060607308930E-001
0.100000000000000 -6.000000000000000 3.000000000000000 -4.605283040501046 1.824277357634450E-001
