0.000100000000000 -6.000000000000000 0.100000000000000 0.000000000000000 5.000000000000000E-001
0.100000000000000 -2.606067549141847 3.000000000000000 0.000000000000000 4.411320732491964E-002
0.100000000000000 -3.302843383526263 0.225004491813739 -2.606067549141847 2.882491780124417E-002
0.225004491813739 -3.015972492850648 1.130282997958393 -2.606067549141847 1.314069299516605E-003
1.130282997958393 -3.302843383526263 3.000000000000000 -2.606067549141847 1.314069299516605E-003
0.225004491813739 -3.850067221748197 1.130282997958393 -3.015972492850648 4.945914425571750E-001
0.100000000000000 -4.871085562246429 0.225004491813739 -3.302843383526263 6.600164215072512E-003
0.225004491813739 -4.871085562246429 1.130282997958393 -3.850067221748197 1.888384800312707E-002
1.130282997958393 -4.871085562246429 3.000000000000000 -3.302843383526263 1.888384800312707E-002
0.100000000000000 -6.000000000000000 3.000000000000000 -4.871085562246429 3.685760523660143E-002
