0.000100000000000 -6.000000000000000 0.100000000000000 0.000000000000000 5.000000000000000E-001
0.100000000000000 -2.608503685714507 3.000000000000000 0.000000000000000 3.413658710217429E-002
0.100000000000000 -3.234501331147332 0.225356932627611 -2.608503685714507 3.277107223181654E-002
0.225356932627611 -3.016039492020344 1.295017958011251 -2.608503685714507 3.504452608683870E-003
1.295017958011251 -3.234501331147332 3.000000000000000 -2.608503685714507 3.504452608683870E-003
0.225356932627611 -3.850551925810656 1.295017958011251 -3.016039492020344 4.554214530648160E-001
0.100000000000000 -4.673212254210950 0.225356932627611 -3.234501331147332 2.034125538110011E-002
0.225356932627611 -4.673212254210950 1.295017958011251 -3.850551925810656 6.254075430045335E-002
1.295017958011251 -4.673212254210950 3.000000000000000 -3.234501331147332 6.254075430045335E-002
0.100000000000000 -6.000000000000000 3.000000000000000 -4.673212254210950 9.987487805698905E-002
