0.000100000000000 -6.000000000000000 0.100000000000000 0.000000000000000 5.000000000000000E-001
0.100000000000000 -2.632155728827839 3.000000000000000 0.000000000000000 4.094274308411015E-002
0.100000000000000 -3.288385177905082 0.225000296871330 -2.632155728827839 3.231430867811538E-002
0.225000296871330 -3.003538253271126 0.955227791427273 -2.632155728827839 1.000207262131157E-003
0.955227791427273 -3.288385177905082 3.000000000000000 -2.632155728827839 1.000207262131157E-003
0.225000296871330 -3.870987824192968 0.955227791427273 -3.003538253271126 4.669662965207221E-001
0.100000000000000 -4.868308657436549 0.225000296871330 -3.288385177905082 6.263166033163623E-003
0.225000296871330 -4.868308657436549 0.955227791427273 -3.870987824192968 2.140235815646881E-002
0.955227791427273 -4.868308657436549 3.000000000000000 -3.288385177905082 2.140235815646881E-002
0.100000000000000 -6.000000000000000 3.000000000000000 -4.868308657436549 4.347277587433501E-002
