0.000100000000000 -6.000000000000000 0.100000000000000 0.000000000000000 5.000000000000000E-001
0.100000000000000 -2.645498330819285 3.000000000000000 0.000000000000000 3.581840165264911E-002
0.100000000000000 -3.282145423489950 0.225001334185631 -2.645498330819285 4.181386459132062E-002
0.225001334185631 -3.033253508210509 1.040468346057408 -2.645498330819285 1.009222364915482E-003
1.040468346057408 -3.282145423489950 3.000000000000000 -2.645498330819285 1.009222364915482E-003
0.225001334185631 -3.866248397619649 1.040468346057408 -3.033253508210509 4.723365159327314E-001
0.100000000000000 -4.967540314833281 0.225001334185631 -3.282145423489950 3.664475226506812E-003
0.225001334185631 -4.967540314833281 1.040468346057408 -3.866248397619649 1.155694683399661E-002
1.040468346057408 -4.967540314833281 3.000000000000000 -3.282145423489950 1.155694683399661E-002
0.100000000000000 -6.000000000000000 3.000000000000000 -4.967540314833281 2.311222819215604E-002
