0.000100000000000 -6.000000000000000 0.100000000000000 0.000000000000000 5.000000000000000E-001
0.100000000000000 -2.625536163010724 3.000000000000000 0.000000000000000 4.063377383934245E-002
0.100000000000000 -3.284486112900849 0.225000091152121 -2.625536163010724 4.340760849871284E-002
0.225000091152121 -3.024900468617752 0.866787617940199 -2.625536163010724 1.000043966317433E-003
0.866787617940199 -3.284486112900849 3.000000000000000 -2.625536163010724 1.000043966317433E-003
0.225000091152121 -3.968130342583601 0.866787617940199 -3.024900468617752 4.805982584301275E-001
0.100000000000000 -4.799925161785761 0.225000091152121 -3.284486112900849 3.167128807424827E-003
0.225000091152121 -4.799925161785761 0.866787617940199 -3.968130342583601 2.885191150769408E-002
0.866787617940199 -4.799925161785761 3.000000000000000 -3.284486112900849 2.885191150769408E-002
0.100000000000000 -6.000000000000000 3.000000000000000 -4.799925161785761 7.997299272050520E-002
