0.000100000000000 -6.000000000000000 0.100000000000000 0.000000000000000 5.000000000000000E-001
0.100000000000000 -2.611017614438589 3.000000000000000 0.000000000000000 4.034391905478570E-002
0.100000000000000 -3.220236138239235 0.225017497203915 -2.611017614438589 3.597128903192134E-002
0.225017497203915 -3.030778052050059 1.215687151891503 -2.611017614438589 2.314311351838457E-003
1.215687151891503 -3.220236138239235 3.000000000000000 -2.611017614438589 2.314311351838457E-003
0.225017497203915 -3.858215620731438 1.215687151891503 -3.030778052050059 4.742535010319300E-001
0.100000000000000 -4.771513175295344 0.225017497203915 -3.220236138239235 1.198852780402977E-002
0.225017497203915 -4.771513175295344 1.215687151891503 -3.858215620731438 3.166651166064851E-002
1.215687151891503 -4.771513175295344 3.000000000000000 -3.220236138239235 3.166651166064851E-002
0.100000000000000 -6.000000000000000 3.000000000000000 -4.771513175295344 5.662398100365165E-002
