0.000100000000000 -6.000000000000000 0.100000000000000 0.000000000000000 5.000000000000000E-001
0.100000000000000 -2.324633684993058 3.000000000000000 0.000000000000000 4.220989261074610E-002
0.100000000000000 -3.309722059966324 0.396576724041684 -2.324633684993058 7.758254253836344E-002
0.396576724041684 -3.068038890039642 1.597156773728145 -2.324633684993058 3.055509859033717E-002
1.597156773728145 -3.309722059966324 3.000000000000000 -2.324633684993058 3.055509859033717E-002
0.396576724041684 -3.833791086968970 1.597156773728145 -3.068038890039642 3.454457200902713E-001
0.100000000000000 -4.507457448948046 0.396576724041684 -3.309722059966324 1.890012623696628E-001
0.396576724041684 -4.507457448948046 1.597156773728145 -3.833791086968970 2.992844741806606E-001
1.597156773728145 -4.507457448948046 3.000000000000000 -3.309722059966324 2.992844741806606E-001
0.100000000000000 -6.000000000000000 3.000000000000000 -4.507457448948046 3.321084786842902E-001
