0.000100000000000 -6.000000000000000 0.100000000000000 0.000000000000000 5.000000000000000E-001
0.100000000000000 -2.413133383298476 3.000000000000000 0.000000000000000 6.484886440206707E-002
0.100000000000000 -3.402313267863739 0.472815747046250 -2.413133383298476 8.144431624251805E-002
0.472815747046250 -3.163763885092862 1.518279269886066 -2.413133383298476 5.291140557411656E-002
1.518279269886066 -3.402313267863739 3.000000000000000 -2.413133383298476 5.291140557411656E-002
0.472815747046250 -3.822759659038522 1.518279269886066 -3.163763885092862 1.735323282517609E-001
0.100000000000000 -4.590509620685776 0.472815747046250 -3.402313267863739 1.820397468220299E-001
0.472815747046250 -4.590509620685776 1.518279269886066 -3.822759659038522 1.735313661141669E-001
1.518279269886066 -4.590509620685776 3.000000000000000 -3.402313267863739 1.735313661141669E-001
0.100000000000000 -6.000000000000000 3.000000000000000 -4.590509620685776 1.935005258374296E-001
