0.000100000000000 -6.000000000000000 0.100000000000000 0.000000000000000 5.000000000000000E-001
0.100000000000000 -2.412187434253850 3.000000000000000 0.000000000000000 2.189717494729511E-002
0.100000000000000 -3.275267996129712 0.302471303777729 -2.412187434253850 4.077330731882284E-002
0.302471303777729 -2.987642889045869 1.529050803267088 -2.412187434253850 1.937376433029118E-002
1.529050803267088 -3.275267996129712 3.000000000000000 -2.412187434253850 1.937376433029118E-002
0.302471303777729 -3.831976282371413 1.529050803267088 -2.987642889045869 6.681402721854366E-001
0.100000000000000 -4.599511885716257 0.302471303777729 -3.275267996129712 1.043912857524686E-001
0.302471303777729 -4.599511885716257 1.529050803267088 -3.831976282371413 1.751878820088367E-001
1.529050803267088 -4.599511885716257 3.000000000000000 -3.275267996129712 1.751878820088367E-001
0.100000000000000 -6.000000000000000 3.000000000000000 -4.599511885716257 1.987598120131188E-001
