0.000100000000000 -6.000000000000000 0.100000000000000 0.000000000000000 5.000000000000000E-001
0.100000000000000 -2.500000000000000 3.000000000000000 0.000000000000000 1.000000000000000E-001
0.100000000000000 -3.500000000000000 0.500000000000000 -2.500000000000000 1.000000000000000E-001
0.500000000000000 -2.750000000000000 1.500000000000000 -2.500000000000000 1.000000000000000E-001
0.500000000000000 -3.500000000000000 1.500000000000000 -3.250000000000000 1.000000000000000E-001
1.500000000000000 -3.500000000000000 3.000000000000000 -2.500000000000000 1.000000000000000E-001
0.500000000000000 -3.250000000000000 1.500000000000000 -2.750000000000000 1.000000000000000E-001
0.100000000000000 -4.250000000000000 0.500000000000000 -3.750000000000000 1.000000000000000E-001
0.100000000000000 -3.750000000000000 0.500000000000000 -3.500000000000000 1.000000000000000E-001
0.100000000000000 -4.500000000000000 0.500000000000000 -4.250000000000000 1.000000000000000E-001
0.500000000000000 -4.500000000000000 3.000000000000000 -3.500000000000000 1.000000000000000E-001
0.100000000000000 -6.000000000000000 3.000000000000000 -4.500000000000000 1.000000000000000E-001
