0.040000 0.080000 0.160000 0.320000 0.640000 1.280000 2.000000 
-2.550000000000000 -2.650000000000000 -2.750000000000000 -2.850000000000000 -2.950000000000000 -3.050000000000000 -3.150000000000000 -3.250000000000000 -3.350000000000000 -3.450000000000000 
2.391161668044056E-003 2.391240541919579E-003 2.391374595070609E-003 2.391458046109193E-003 2.391497267495820E-003 2.391495875142934E-003 2.391454516132598E-003 2.391371542369305E-003 2.391243174491433E-003 2.391063425953470E-003 
4.782319904536128E-003 4.782477629472520E-003 4.782745718780397E-003 4.782912609901734E-003 4.782991047565127E-003 4.782988263496575E-003 4.782905551890413E-003 4.782739616664625E-003 4.782482899336308E-003 4.782123427154687E-003 
9.564612359085857E-003 9.564927626473598E-003 9.565463669160118E-003 9.565797363766587E-003 9.565954198226700E-003 9.565948635251734E-003 9.565783263314167E-003 9.565451491232484E-003 9.564938203953230E-003 9.564219458716602E-003 
1.912900519599673E-002 1.912963427191982E-002 1.913070527065219E-002 1.913137195923706E-002 1.913168530150321E-002 1.913167421660572E-002 1.913134388268061E-002 1.913068112505474E-002 1.912965572868908E-002 1.912821983011904E-002 
3.825625669728221E-002 3.825750321113971E-002 3.825963653991151E-002 3.826096432819152E-002 3.826158840691814E-002 3.826156656519574E-002 3.826090916689624E-002 3.825958992603636E-002 3.825754853249295E-002 3.825468943545232E-002 
7.649856274745884E-002 7.650096371105079E-002 7.650516179774514E-002 7.650777317061264E-002 7.650900072032710E-002 7.650895963334556E-002 7.650767069438036E-002 7.650508183910157E-002 7.650107340605224E-002 7.649545569769976E-002 
1.194876564389830E-001 1.194911386291379E-001 1.194974975745781E-001 1.195014485915729E-001 1.195033063921598E-001 1.195032497875205E-001 1.195013114202420E-001 1.194974114587688E-001 1.194913657935905E-001 1.194828822144671E-001 
3.139640E-002
