0.000100000000000 -6.000000000000000 0.100000000000000 0.000000000000000 5.000000000000000E-001
0.100000000000000 -2.595270668409686 3.000000000000000 0.000000000000000 6.180650091478847E-003
0.100000000000000 -3.309609535959440 0.339160401352713 -2.595270668409686 5.283670275643385E-002
0.339160401352713 -2.720272065780593 1.450725334133366 -2.595270668409686 1.667708294747207E-002
0.339160401352713 -3.309609535959440 1.450725334133366 -3.129206268033314 1.667708294747207E-002
1.450725334133366 -3.309609535959440 3.000000000000000 -2.595270668409686 1.667708294747207E-002
0.339160401352713 -3.129206268033314 1.450725334133366 -2.720272065780593 3.977824475380885E-002
0.100000000000000 -4.194215483874532 0.339160401352713 -3.987977408250113 3.977824475380885E-002
0.100000000000000 -3.987977408250113 0.339160401352713 -3.309609535959440 1.099420137100242E-001
0.100000000000000 -4.384833739909605 0.339160401352713 -4.194215483874532 1.099420137100242E-001
0.339160401352713 -4.384833739909605 3.000000000000000 -3.309609535959440 1.315440605210193E+000
0.100000000000000 -6.000000000000000 3.000000000000000 -4.384833739909605 4.851009636766695E-001
