0.000100000000000 -6.000000000000000 0.100000000000000 0.000000000000000 5.000000000000000E-001
0.100000000000000 -2.695371494299592 3.000000000000000 0.000000000000000 2.850244267109464E-002
0.100000000000000 -3.071289538076033 0.225000033253142 -2.695371494299592 1.448673512846887E-002
0.225000033253142 -2.820376852994579 1.728510700125957 -2.695371494299592 1.005315293477986E-003
0.225000033253142 -3.071289538076033 1.728510700125957 -2.945718625157662 1.005315293477986E-003
1.728510700125957 -3.071289538076033 3.000000000000000 -2.695371494299592 1.005315293477986E-003
0.225000033253142 -2.945718625157662 1.728510700125957 -2.820376852994579 1.000000000188929E-003
0.100000000000000 -4.242290575907251 0.225000033253142 -4.117290572318637 1.000000000188929E-003
0.100000000000000 -4.117290572318637 0.225000033253142 -3.071289538076033 1.004749174163417E-003
0.100000000000000 -4.440638242696280 0.225000033253142 -4.242290575907251 1.004749174163417E-003
0.225000033253142 -4.440638242696280 3.000000000000000 -3.071289538076033 6.665687635511105E-001
0.100000000000000 -6.000000000000000 3.000000000000000 -4.440638242696280 1.000045845733624E-003
