0.040000 0.080000 0.160000 0.320000 0.640000 1.280000 2.000000 
-2.550000000000000 -2.650000000000000 -2.750000000000000 -2.850000000000000 -2.950000000000000 -3.050000000000000 -3.150000000000000 -3.250000000000000 -3.350000000000000 -3.450000000000000 
1.944157297685464E-003 2.121444265635356E-003 2.233310453670604E-003 2.317795790651474E-003 2.413371533861400E-003 2.547412870314391E-003 2.759403636207689E-003 3.168178524584279E-003 3.965075863974481E-003 4.621595527837898E-003 
3.888169300063330E-003 4.242694026544271E-003 4.466373381525996E-003 4.635270174753546E-003 4.826330112854100E-003 5.094297117091954E-003 5.518134314259399E-003 6.335508402879692E-003 7.929119276431923E-003 9.241919350639229E-003 
7.775184028614643E-003 8.483842412051178E-003 8.930779738507111E-003 9.267986140859550E-003 9.649378377363320E-003 1.018439298322523E-002 1.103092005696660E-002 1.266427161862915E-002 1.585003218923578E-002 1.847373053637226E-002 
1.554137332082345E-002 1.695564242064837E-002 1.784623246176777E-002 1.851606767645799E-002 1.927317838900191E-002 2.033603698870138E-002 2.202014094388882E-002 2.527594711357995E-002 3.163606646426476E-002 3.686862830824351E-002 
3.101767861292986E-002 3.382414031361159E-002 3.558150714855593E-002 3.688797323752410E-002 3.836100417453883E-002 4.043461812103452E-002 4.373773387722575E-002 5.017003694171865E-002 6.280725928833160E-002 7.316452016332382E-002 
6.166317587414828E-002 6.714914716236201E-002 7.052647458583346E-002 7.294742018239583E-002 7.565451875905212E-002 7.949841789273936E-002 8.572436162944498E-002 9.812424441968999E-002 1.229114285387340E-001 1.429961869261858E-001 
9.572173400367419E-002 1.040768552629428E-001 1.091174098753131E-001 1.125680069612237E-001 1.163810631425946E-001 1.218536293904413E-001 1.309070471669763E-001 1.494514674529389E-001 1.873068295504811E-001 2.175719586916854E-001 
1.240106E-002
