0.000100000000000 -6.000000000000000 0.100000000000000 0.000000000000000 5.000000000000000E-001
0.100000000000000 -2.594663800118401 3.000000000000000 0.000000000000000 1.709447685756821E-002
0.100000000000000 -3.341660653330203 0.532776172077999 -2.594663800118401 8.183057114975563E-002
0.532776172077999 -2.720256870002727 1.365010018510859 -2.594663800118401 8.912335310035255E-002
0.532776172077999 -3.341660653330203 1.365010018510859 -3.216267003056160 8.912335310035255E-002
1.365010018510859 -3.341660653330203 3.000000000000000 -2.594663800118401 8.912335310035255E-002
0.532776172077999 -3.216267003056160 1.365010018510859 -2.720256870002727 1.180331879332778E-001
0.100000000000000 -4.065439311452469 0.532776172077999 -3.838677611256056 1.180331879332778E-001
0.100000000000000 -3.838677611256056 0.532776172077999 -3.341660653330203 3.813771389669585E-001
0.100000000000000 -4.409245431247742 0.532776172077999 -4.065439311452469 3.813771389669585E-001
0.532776172077999 -4.409245431247742 3.000000000000000 -3.341660653330203 5.473753819485444E-001
0.100000000000000 -6.000000000000000 3.000000000000000 -4.409245431247742 6.531046711660070E-001
