0.040000 0.080000 0.160000 0.320000 0.640000 1.280000 2.000000 
-2.550000000000000 -2.650000000000000 -2.750000000000000 -2.850000000000000 -2.950000000000000 -3.050000000000000 -3.150000000000000 -3.250000000000000 -3.350000000000000 -3.450000000000000 
1.939267239587596E-003 1.931599325067091E-003 1.988525757244359E-003 2.123321394729031E-003 2.373092836064606E-003 2.837287094825529E-003 3.362085889908166E-003 3.713047345437477E-003 3.906343330821124E-003 4.013354029582905E-003 
3.878494894459170E-003 3.863146942052401E-003 3.976987514230854E-003 4.246558701597737E-003 4.746079072742742E-003 5.674434344643094E-003 6.723995312180180E-003 7.425881267735470E-003 7.812439340477163E-003 8.026432660563083E-003 
7.756673538084126E-003 7.725880773053533E-003 7.953463704816408E-003 8.492445579605714E-003 9.491306445961170E-003 1.134775133912416E-002 1.344658063140024E-002 1.485005723874100E-002 1.562290251633302E-002 1.605066480396384E-002 
1.551083064925125E-002 1.544847427303069E-002 1.590285840125369E-002 1.697954454212717E-002 1.897583414708745E-002 2.268660872826593E-002 2.688193693080315E-002 2.968653854041900E-002 3.123007221563693E-002 3.208381046400582E-002 
3.100195430200971E-002 3.087120092283148E-002 3.177383925235714E-002 3.391719044706412E-002 3.789852773305924E-002 4.530346791701402E-002 5.367581773341256E-002 5.926654662517016E-002 6.233667362011839E-002 6.403012511004212E-002 
6.185865153346277E-002 6.155250656785492E-002 6.331236811703786E-002 6.752474403757104E-002 7.540377626165128E-002 9.008993397805266E-002 1.066980301171495E-001 1.177416045591219E-001 1.237555501503078E-001 1.270380307643642E-001 
9.628875566004691E-002 9.569743851886379E-002 9.833158658969865E-002 1.047236751845664E-001 1.168195629260364E-001 1.394476217303741E-001 1.650440932864306E-001 1.819425430821569E-001 1.910129666260650E-001 1.958729482382314E-001 
2.208843E-003
