0.000100000000000 -6.000000000000000 0.100000000000000 0.000000000000000 5.000000000000000E-001
0.100000000000000 -2.567898757606376 3.000000000000000 0.000000000000000 4.349783247592554E-002
0.100000000000000 -3.092223893287038 0.269612313192730 -2.567898757606376 1.467981348600266E-002
0.269612313192730 -2.820474986170327 1.471626672409017 -2.567898757606376 8.358408680495378E-003
0.269612313192730 -3.092223893287038 1.471626672409017 -2.946188371528693 8.358408680495378E-003
1.471626672409017 -3.092223893287038 3.000000000000000 -2.567898757606376 8.358408680495378E-003
0.269612313192730 -2.946188371528693 1.471626672409017 -2.820474986170327 1.091387703615684E-002
0.100000000000000 -4.246059220512721 0.269612313192730 -4.117189027793501 1.091387703615684E-002
0.100000000000000 -4.117189027793501 0.269612313192730 -3.092223893287038 9.196814631629563E-002
0.100000000000000 -4.371228564329702 0.269612313192730 -4.246059220512721 9.196814631629563E-002
0.269612313192730 -4.371228564329702 3.000000000000000 -3.092223893287038 7.246120952107625E-001
0.100000000000000 -6.000000000000000 3.000000000000000 -4.371228564329702 5.696598709037511E-002
