0.040000 0.080000 0.160000 0.320000 0.640000 1.280000 2.000000 
-2.550000000000000 -2.650000000000000 -2.750000000000000 -2.850000000000000 -2.950000000000000 -3.050000000000000 -3.150000000000000 -3.250000000000000 -3.350000000000000 -3.450000000000000 
1.937826487560354E-003 1.931207519151407E-003 1.992003775273973E-003 2.136586341290337E-003 2.416103951395342E-003 2.838879040108907E-003 3.337775220152384E-003 3.686043609228759E-003 3.883605079985995E-003 3.991879925171775E-003 
3.875606705842668E-003 3.862355031578289E-003 3.983932720164346E-003 4.273073665224052E-003 4.832077010575009E-003 5.677594870438893E-003 6.675341651734167E-003 7.371835089686082E-003 7.766918406041720E-003 7.983435553085347E-003 
7.750843812189204E-003 7.724230721338943E-003 7.967267679237510E-003 8.545356342520544E-003 9.663108378738256E-003 1.135388589118098E-002 1.334901529398225E-002 1.474165589220486E-002 1.553150593467620E-002 1.596428022597891E-002 
1.549874848104580E-002 1.544464943111102E-002 1.592978130732141E-002 1.708442136930804E-002 1.931789915457343E-002 2.269739911535432E-002 2.668475960263376E-002 2.946728468900384E-002 3.104446512311750E-002 3.190794461556905E-002 
3.097453412013254E-002 3.085951115119702E-002 3.182240425939331E-002 3.411965286677451E-002 3.857073956217296E-002 4.531362938984203E-002 5.326563040784028E-002 5.880907186222088E-002 6.194368324698959E-002 6.365443051452598E-002 
6.178128724210903E-002 6.150121842565873E-002 6.337283736601716E-002 6.787880449497588E-002 7.666391985506608E-002 9.003039897524055E-002 1.057661705469191E-001 1.166929506960587E-001 1.228160049970936E-001 1.261176982737920E-001 
9.611851320843991E-002 9.555633055080673E-002 9.834498492185623E-002 1.051630381959401E-001 1.185938268848096E-001 1.391745921122640E-001 1.633326684866764E-001 1.799968715906545E-001 1.891918238041445E-001 1.940466862023295E-001 
2.053499E-003
