0.040000 0.080000 0.160000 0.320000 0.640000 1.280000 2.000000 
-2.550000000000000 -2.650000000000000 -2.750000000000000 -2.850000000000000 -2.950000000000000 -3.050000000000000 -3.150000000000000 -3.250000000000000 -3.350000000000000 -3.450000000000000 
1.955586637881289E-003 1.954917309122946E-003 1.998415186095422E-003 2.133176857653307E-003 2.410576018754681E-003 2.833982070697772E-003 3.336139314781054E-003 3.691336513869223E-003 3.789951904774160E-003 3.893525887629759E-003 
3.911131941279485E-003 3.909777314413725E-003 3.996753455338592E-003 4.266255078308401E-003 4.821019795429867E-003 5.667798135722636E-003 6.672066027770641E-003 7.382416309487586E-003 7.579622732337001E-003 7.786739702380954E-003 
7.821933704844960E-003 7.819096883029602E-003 7.992892485040459E-003 8.531722209944834E-003 9.640983168438115E-003 1.133427008977311E-002 1.334243358642564E-002 1.476278166973317E-002 1.515699988799698E-002 1.557098618969849E-002 
1.564124182337722E-002 1.563455357045557E-002 1.598089846720788E-002 1.705717738366930E-002 1.927356309425272E-002 2.265798997651102E-002 2.667135397654350E-002 2.950924465767688E-002 3.029613184122763E-002 3.112213373286388E-002 
3.126197255343391E-002 3.124066420349041E-002 3.192360587970911E-002 3.406535747876550E-002 3.848140097283451E-002 4.523342563759850E-002 5.323692707298545E-002 5.889071231262648E-002 6.045233494764155E-002 6.208889728792715E-002 
6.237413442128846E-002 6.227341780347940E-002 6.356775290814072E-002 6.777170048726247E-002 7.648044283430540E-002 8.985990635008829E-002 1.056949367907673E-001 1.168395240170056E-001 1.198725883518916E-001 1.230315868690401E-001 
9.708956860510344E-002 9.678771360965296E-002 9.863132895809998E-002 1.049997779303817E-001 1.182956187510483E-001 1.388834037173890E-001 1.631870617601938E-001 1.801841531937488E-001 1.846921851141345E-001 1.893383745094366E-001 
2.728451E-003
