0.000100000000000 -6.000000000000000 0.100000000000000 0.000000000000000 5.000000000000000E-001
0.100000000000000 -2.595618298037354 3.000000000000000 0.000000000000000 1.167466308505351E-002
0.100000000000000 -3.239177954622318 0.338187814009827 -2.595618298037354 4.014621520362473E-002
0.338187814009827 -2.813808744037922 1.373145577191510 -2.595618298037354 3.216465994022220E-002
0.338187814009827 -3.239177954622318 1.373145577191510 -3.046494717320221 3.216465994022220E-002
1.373145577191510 -3.239177954622318 3.000000000000000 -2.595618298037354 3.216465994022220E-002
0.338187814009827 -3.046494717320221 1.373145577191510 -2.813808744037922 3.027051776232100E-002
0.100000000000000 -4.245938422739044 0.338187814009827 -4.064614517021892 3.027051776232100E-002
0.100000000000000 -4.064614517021892 0.338187814009827 -3.239177954622318 1.791560969213811E-001
0.100000000000000 -4.383011242664223 0.338187814009827 -4.245938422739044 1.791560969213811E-001
0.338187814009827 -4.383011242664223 3.000000000000000 -3.239177954622318 1.192737997346050E+000
0.100000000000000 -6.000000000000000 3.000000000000000 -4.383011242664223 2.836475171333195E-001
