0.000100000000000 -6.000000000000000 0.100000000000000 0.000000000000000 5.000000000000000E-001
0.100000000000000 -2.693390352108642 3.000000000000000 0.000000000000000 2.919808872896405E-002
0.100000000000000 -3.095435703325083 0.225000488012785 -2.693390352108642 2.909304123075848E-002
0.225000488012785 -2.820424758345113 1.720378303608096 -2.693390352108642 1.146403701801091E-003
0.225000488012785 -3.095435703325083 1.720378303608096 -2.946447453784551 1.146403701801091E-003
1.720378303608096 -3.095435703325083 3.000000000000000 -2.693390352108642 1.146403701801091E-003
0.225000488012785 -2.946447453784551 1.720378303608096 -2.820424758345113 1.000000044416274E-003
0.100000000000000 -4.242290839211482 0.225000488012785 -4.117290573038552 1.000000044416274E-003
0.100000000000000 -4.117290573038552 0.225000488012785 -3.095435703325083 1.398680192807256E-003
0.100000000000000 -4.367536584659533 0.225000488012785 -4.242290839211482 1.398680192807256E-003
0.225000488012785 -4.367536584659533 3.000000000000000 -3.095435703325083 6.862937429064661E-001
0.100000000000000 -6.000000000000000 3.000000000000000 -4.367536584659533 1.000196920495413E-003
