0.040000 0.080000 0.160000 0.320000 0.640000 1.280000 2.000000 
-2.550000000000000 -2.650000000000000 -2.750000000000000 -2.850000000000000 -2.950000000000000 -3.050000000000000 -3.150000000000000 -3.250000000000000 -3.350000000000000 -3.450000000000000 
1.920457592569253E-003 1.921501382256070E-003 1.988907611239211E-003 2.136376603549845E-003 2.413423317929126E-003 2.878475031224805E-003 3.378865262335702E-003 3.730316397676493E-003 3.929467418964203E-003 4.041758537987404E-003 
3.840861975501794E-003 3.842934951715447E-003 3.977728201743899E-003 4.272640947170700E-003 4.826704329937887E-003 5.756764665084972E-003 6.757497731134724E-003 7.460351617232712E-003 7.858608799617061E-003 8.083153049865125E-003 
7.681298981750412E-003 7.685328298593189E-003 7.954761379077829E-003 8.544385268848240E-003 9.652272025730976E-003 1.151204847142416E-002 1.351313598071400E-002 1.491845723483267E-002 1.571461324438425E-002 1.616339829774334E-002 
1.535922070051842E-002 1.536635226903209E-002 1.590399882161333E-002 1.708164371870483E-002 1.929550857700018E-002 2.301232377634320E-002 2.701148717648499E-002 2.981905528673333E-002 3.140851718405339E-002 3.230367417658497E-002 
3.069212231462771E-002 3.069915601296976E-002 3.176493310638053E-002 3.410770842689353E-002 3.852052377379347E-002 4.593275338816059E-002 5.390752720067352E-002 5.949862012771476E-002 6.265526290982394E-002 6.442672175077377E-002 
6.119369437096848E-002 6.115528242662247E-002 6.321760631102644E-002 6.781188170688160E-002 7.652836894129311E-002 9.119597791302941E-002 1.069725875199822E-001 1.179782581171128E-001 1.241282118890907E-001 1.275331909436495E-001 
9.515231201646730E-002 9.496402900022544E-002 9.801631277046673E-002 1.049692593557014E-001 1.183168721609209E-001 1.408428756599799E-001 1.650596699270071E-001 1.818130698813407E-001 1.910139796546644E-001 1.959910358941809E-001 
2.345625E-003
