0.000100000000000 -6.000000000000000 0.100000000000000 0.000000000000000 5.000000000000000E-001
0.100000000000000 -2.595191085072844 3.000000000000000 0.000000000000000 1.032194426236991E-002
0.100000000000000 -3.341311198847144 0.447051612478662 -2.595191085072844 6.998743166430661E-002
0.447051612478662 -2.720270341520945 1.298045564002414 -2.595191085072844 5.841661459108644E-002
0.447051612478662 -3.341311198847144 1.298045564002414 -3.216220943933189 5.841661459108644E-002
1.298045564002414 -3.341311198847144 3.000000000000000 -2.595191085072844 5.841661459108644E-002
0.447051612478662 -3.216220943933189 1.298045564002414 -2.720270341520945 6.372275927986938E-002
0.100000000000000 -4.039991250462356 0.447051612478662 -3.813185611087156 6.372275927986938E-002
0.100000000000000 -3.813185611087156 0.447051612478662 -3.341311198847144 3.098982922387997E-001
0.100000000000000 -4.324099289615654 0.447051612478662 -4.039991250462356 3.098982922387997E-001
0.447051612478662 -4.324099289615654 3.000000000000000 -3.341311198847144 1.093797787251960E+000
0.100000000000000 -6.000000000000000 3.000000000000000 -4.324099289615654 1.146710915890568E+000
