0.040000 0.080000 0.160000 0.320000 0.640000 1.280000 2.000000 
-2.550000000000000 -2.650000000000000 -2.750000000000000 -2.850000000000000 -2.950000000000000 -3.050000000000000 -3.150000000000000 -3.250000000000000 -3.350000000000000 -3.450000000000000 
1.960433220865390E-003 1.955185168951443E-003 2.010468457380665E-003 2.143372966686833E-003 2.409013719838536E-003 2.818762743451342E-003 3.322189933686912E-003 3.702495175009860E-003 3.919129480861484E-003 4.034090725563886E-003 
3.920819615803717E-003 3.910305418275551E-003 4.020854387211411E-003 4.286637240192447E-003 4.817882850258622E-003 5.637345593299162E-003 6.644151037615305E-003 7.404713186198492E-003 7.837937554220029E-003 8.067823862195306E-003 
7.841265236869959E-003 7.820092322035508E-003 8.041049613375649E-003 8.572406310951700E-003 9.634610784109668E-003 1.127325423183258E-002 1.328647417721878E-002 1.480721233598975E-002 1.567330761679331E-002 1.613279119240592E-002 
1.567955798108159E-002 1.563606329512757E-002 1.607685959573057E-002 1.713791098142709E-002 1.926003939320790E-002 2.253508253962861E-002 2.655841223094419E-002 2.959681641689453E-002 3.132619503763024E-002 3.224286293007654E-002 
3.133594144178226E-002 3.123998835801794E-002 3.211284906862091E-002 3.422196866074070E-002 3.844839944830567E-002 4.498092654957594E-002 5.300324420887120E-002 5.905600387668478E-002 6.249275431920083E-002 6.430810267363947E-002 
6.250385935376347E-002 6.224676458097204E-002 6.392878831504321E-002 6.805215203382634E-002 7.637442610587108E-002 8.931024774506499E-002 1.051756799863024E-001 1.171040141810838E-001 1.238155273887686E-001 1.273140295409269E-001 
9.725325982548429E-002 9.669170221038727E-002 9.916253349342469E-002 1.053699832125666E-001 1.180477740614494E-001 1.379341161104407E-001 1.622716767025796E-001 1.804618497981294E-001 1.905401045170867E-001 1.956744193634312E-001 
1.982227E-003
