0.000100000000000 -6.000000000000000 0.100000000000000 0.000000000000000 5.000000000000000E-001
0.100000000000000 -2.588401768337584 3.000000000000000 0.000000000000000 5.271391923749894E-002
0.100000000000000 -3.424853009098528 0.485581281158048 -2.588401768337584 1.053743501482513E-001
0.485581281158048 -2.749962858760989 1.522266328378090 -2.588401768337584 1.078352545957364E-001
0.485581281158048 -3.424853009098528 1.522266328378090 -3.213841898149470 1.078352545957364E-001
1.522266328378090 -3.424853009098528 3.000000000000000 -2.588401768337584 1.078352545957364E-001
0.485581281158048 -3.213841898149470 1.522266328378090 -2.749962858760989 1.690626291237166E-001
0.100000000000000 -4.181461751955576 0.485581281158048 -3.750120684853429 1.690626291237166E-001
0.100000000000000 -3.750120684853429 0.485581281158048 -3.424853009098528 1.833881306772258E-001
0.100000000000000 -4.582460075487944 0.485581281158048 -4.181461751955576 1.833881306772258E-001
0.485581281158048 -4.582460075487944 3.000000000000000 -3.424853009098528 1.855009919795195E-001
0.100000000000000 -6.000000000000000 3.000000000000000 -4.582460075487944 1.900476321368290E-001
