0.000100000000000 -6.000000000000000 0.100000000000000 0.000000000000000 5.000000000000000E-001
0.100000000000000 -2.507416790423452 3.000000000000000 0.000000000000000 4.249606592428756E-002
0.100000000000000 -3.084791426843438 0.225812529752256 -2.507416790423452 2.702896764382481E-002
0.225812529752256 -2.810149293635126 1.581132516774437 -2.507416790423452 2.170035706573736E-003
0.225812529752256 -3.084791426843438 1.581132516774437 -2.936080192126218 2.170035706573736E-003
1.581132516774437 -3.084791426843438 3.000000000000000 -2.507416790423452 2.170035706573736E-003
0.225812529752256 -2.936080192126218 1.581132516774437 -2.810149293635126 1.813735481199967E-003
0.100000000000000 -4.245594946233517 0.225812529752256 -4.117186536307087 1.813735481199967E-003
0.100000000000000 -4.117186536307087 0.225812529752256 -3.084791426843438 1.490527174017796E-002
0.100000000000000 -4.370596855822996 0.225812529752256 -4.245594946233517 1.490527174017796E-002
0.225812529752256 -4.370596855822996 3.000000000000000 -3.084791426843438 6.594026763598988E-001
0.100000000000000 -6.000000000000000 3.000000000000000 -4.370596855822996 9.331329990938345E-003
