0.040000 0.080000 0.160000 0.320000 0.640000 1.280000 2.000000 
-2.550000000000000 -2.650000000000000 -2.750000000000000 -2.850000000000000 -2.950000000000000 -3.050000000000000 -3.150000000000000 -3.250000000000000 -3.350000000000000 -3.450000000000000 
2.119405902051750E-003 2.276545428410881E-003 2.360859597782318E-003 2.411375418396470E-003 2.451951601001980E-003 2.498929617484665E-003 2.555480615864635E-003 2.768901271938782E-003 3.400018232982548E-003 3.894272817146443E-003 
4.238800360293404E-003 4.553077558630373E-003 4.721703089984631E-003 4.822731027295934E-003 4.903879211058112E-003 4.997830408215474E-003 5.110928539436753E-003 5.537763407270335E-003 6.799988905699835E-003 7.788492469368915E-003 
8.477509221459430E-003 9.106048791631587E-003 9.443277408339676E-003 9.645303669101588E-003 9.807566605326307E-003 9.995430336711341E-003 1.022159569382456E-002 1.107521390571348E-002 1.359959755305716E-002 1.557655987007547E-002 
1.695428808849044E-002 1.821124888957875E-002 1.888552697327633E-002 1.928934314486421E-002 1.961360221083869E-002 1.998902112108726E-002 2.044110519963951E-002 2.214793041423767E-002 2.719616017936005E-002 3.114972719073129E-002 
3.390278517929127E-002 3.641576869546251E-002 3.776290489626151E-002 3.856866417928032E-002 3.921506823111359E-002 3.996346138263238E-002 4.086567564041378E-002 4.427606743497910E-002 5.436826678500264E-002 6.227256701912017E-002 
6.776082827585120E-002 7.277955449607076E-002 7.546287177572707E-002 7.705994827991225E-002 7.833646653462567E-002 7.981442149477525E-002 8.160380509243655E-002 8.839946823675966E-002 1.085510096992166E-001 1.243377704754906E-001 
1.057519622083693E-001 1.135736449557065E-001 1.177359858997027E-001 1.201914738349899E-001 1.221410464971840E-001 1.243983818705949E-001 1.271528104971564E-001 1.377015813282415E-001 1.690974161446420E-001 1.937038776290305E-001 
1.801807E-002
