0.000100000000000 -6.000000000000000 0.100000000000000 0.000000000000000 5.000000000000000E-001
0.100000000000000 -2.552643873103230 3.000000000000000 0.000000000000000 4.332991260494233E-002
0.100000000000000 -3.115341389269034 0.225006597699944 -2.552643873103230 3.276780471504322E-002
0.225006597699944 -2.820224852960450 1.736226363359586 -2.552643873103230 2.857535441619551E-003
0.225006597699944 -3.115341389269034 1.736226363359586 -2.951282826505060 2.857535441619551E-003
1.736226363359586 -3.115341389269034 3.000000000000000 -2.552643873103230 2.857535441619551E-003
0.225006597699944 -2.951282826505060 1.736226363359586 -2.820224852960450 1.000849822570797E-003
0.100000000000000 -4.242300728333284 0.225006597699944 -4.117290577143780 1.000849822570797E-003
0.100000000000000 -4.117290577143780 0.225006597699944 -3.115341389269034 3.910314978124135E-003
0.100000000000000 -4.371238976595174 0.225006597699944 -4.242300728333284 3.910314978124135E-003
0.225006597699944 -4.371238976595174 3.000000000000000 -3.115341389269034 7.170092122998474E-001
0.100000000000000 -6.000000000000000 3.000000000000000 -4.371238976595174 1.295306644954403E-003
