0.040000 0.080000 0.160000 0.320000 0.640000 1.280000 2.000000 
-2.550000000000000 -2.650000000000000 -2.750000000000000 -2.850000000000000 -2.950000000000000 -3.050000000000000 -3.150000000000000 -3.250000000000000 -3.350000000000000 -3.450000000000000 
1.946396756330572E-003 1.925574959990482E-003 1.983359775610667E-003 2.120222915458451E-003 2.383381512137418E-003 2.831666512090276E-003 3.408793953789805E-003 3.780273496219014E-003 3.984774662491463E-003 4.096680282427723E-003 
3.892726954475796E-003 3.851070660829513E-003 3.966617097077884E-003 4.240313021191751E-003 4.766587324438537E-003 5.663115895189069E-003 6.817314475718775E-003 7.560217774003013E-003 7.969168829285658E-003 8.192937688005223E-003 
7.784922446075234E-003 7.701508433372615E-003 7.932416077570573E-003 8.479565505516489E-003 9.531771578440533E-003 1.132449782882643E-002 1.363244530244986E-002 1.511780633064026E-002 1.593529889602658E-002 1.638249812980692E-002 
1.556562500774054E-002 1.539799136543698E-002 1.585833535296845E-002 1.695070831548525E-002 1.905239883381836E-002 2.263522141301741E-002 2.724754220688146E-002 3.021472270684004E-002 3.184645283342965E-002 3.273816138389575E-002 
3.109847634907104E-002 3.075694337363342E-002 3.166618699041267E-002 3.383594303842617E-002 3.801812860629787E-002 4.516326763247717E-002 5.436003947857828E-002 6.026678054575743E-002 6.350486271146290E-002 6.526731688330308E-002 
6.196260039276486E-002 6.123447725906009E-002 6.297062935132769E-002 6.720202606986846E-002 7.541317673658257E-002 8.955450700234861E-002 1.077455841880524E-001 1.193582939864467E-001 1.256501907201221E-001 1.290231628899969E-001 
9.626104845085744E-002 9.501510695110624E-002 9.752981608973679E-002 1.038797833535142E-001 1.163370026785053E-001 1.380664784188970E-001 1.659918855887041E-001 1.836421384264277E-001 1.930205439765376E-001 1.979191817629064E-001 
2.971693E-003
