0.000100000000000 -6.000000000000000 0.100000000000000 0.000000000000000 5.000000000000000E-001
0.100000000000000 -2.448667128190413 3.000000000000000 0.000000000000000 8.061589555469645E-002
0.100000000000000 -3.076111400033208 0.225221806076889 -2.448667128190413 2.172433241648319E-002
0.225221806076889 -2.810878692032837 1.659248850017520 -2.448667128190413 1.405139861871654E-003
0.225221806076889 -3.076111400033208 1.659248850017520 -2.936024189892661 1.405139861871654E-003
1.659248850017520 -3.076111400033208 3.000000000000000 -2.448667128190413 1.405139861871654E-003
0.225221806076889 -2.936024189892661 1.659248850017520 -2.810878692032837 1.235902307516306E-003
0.100000000000000 -4.242806560932334 0.225221806076889 -4.117187043662256 1.235902307516306E-003
0.100000000000000 -4.117187043662256 0.225221806076889 -3.076111400033208 8.848049284069320E-003
0.100000000000000 -4.469101191543985 0.225221806076889 -4.242806560932334 8.848049284069320E-003
0.225221806076889 -4.469101191543985 3.000000000000000 -3.076111400033208 6.584045271993260E-001
0.100000000000000 -6.000000000000000 3.000000000000000 -4.469101191543985 8.795636709060870E-003
