0.000100000000000 -6.000000000000000 0.100000000000000 0.000000000000000 5.000000000000000E-001
0.100000000000000 -2.587571474612102 3.000000000000000 0.000000000000000 2.785261020917909E-002
0.100000000000000 -3.086493163306630 0.226202209739884 -2.587571474612102 3.189761592271853E-002
0.226202209739884 -2.808403149910686 1.489214011854096 -2.587571474612102 3.270541739687086E-003
0.226202209739884 -3.086493163306630 1.489214011854096 -2.937680677907875 3.270541739687086E-003
1.489214011854096 -3.086493163306630 3.000000000000000 -2.587571474612102 3.270541739687086E-003
0.226202209739884 -2.937680677907875 1.489214011854096 -2.808403149910686 3.174686981326185E-003
0.100000000000000 -4.245626648127100 0.226202209739884 -4.117186810861479 3.174686981326185E-003
0.100000000000000 -4.117186810861479 0.226202209739884 -3.086493163306630 2.801962018272131E-002
0.100000000000000 -4.370633668650087 0.226202209739884 -4.245626648127100 2.801962018272131E-002
0.226202209739884 -4.370633668650087 3.000000000000000 -3.086493163306630 6.327490047310239E-001
0.100000000000000 -6.000000000000000 3.000000000000000 -4.370633668650087 1.744240529178839E-002
