0.000100000000000 -6.000000000000000 0.100000000000000 0.000000000000000 5.000000000000000E-001
0.100000000000000 -2.584054500011868 3.000000000000000 0.000000000000000 3.044137427923216E-002
0.100000000000000 -3.084239377227163 0.225010070918549 -2.584054500011868 3.250057071934969E-002
0.225010070918549 -2.804994029037918 1.801043520366514 -2.584054500011868 1.969343139386947E-003
0.225010070918549 -3.084239377227163 1.801043520366514 -2.943395671611523 1.969343139386947E-003
1.801043520366514 -3.084239377227163 3.000000000000000 -2.584054500011868 1.969343139386947E-003
0.225010070918549 -2.943395671611523 1.801043520366514 -2.804994029037918 1.008126854461152E-003
0.100000000000000 -4.242246693634681 0.225010070918549 -4.117187047315276 1.008126854461152E-003
0.100000000000000 -4.117187047315276 0.225010070918549 -3.084239377227163 4.277332193238519E-003
0.100000000000000 -4.371239358245219 0.225010070918549 -4.242246693634681 4.277332193238519E-003
0.225010070918549 -4.371239358245219 3.000000000000000 -3.084239377227163 6.453888097362301E-001
0.100000000000000 -6.000000000000000 3.000000000000000 -4.371239358245219 2.513828224364811E-003
