0.000100000000000 -6.000000000000000 0.100000000000000 0.000000000000000 5.000000000000000E-001
0.100000000000000 -2.588640517245830 3.000000000000000 0.000000000000000 3.206343575417611E-002
0.100000000000000 -3.358792375345347 0.502803687661979 -2.588640517245830 8.920809322471795E-002
0.502803687661979 -2.717020789047566 1.449329852181723 -2.588640517245830 1.409389846004804E-001
0.502803687661979 -3.358792375345347 1.449329852181723 -3.214692254783631 1.409389846004804E-001
1.449329852181723 -3.358792375345347 3.000000000000000 -2.588640517245830 1.409389846004804E-001
0.502803687661979 -3.214692254783631 1.449329852181723 -2.717020789047566 1.865621017259515E-001
0.100000000000000 -4.106457524552684 0.502803687661979 -3.749215017143603 1.865621017259515E-001
0.100000000000000 -3.749215017143603 0.502803687661979 -3.358792375345347 3.369591216512553E-001
0.100000000000000 -4.497345338450975 0.502803687661979 -4.106457524552684 3.369591216512553E-001
0.502803687661979 -4.497345338450975 3.000000000000000 -3.358792375345347 3.224164218770337E-001
0.100000000000000 -6.000000000000000 3.000000000000000 -4.497345338450975 3.511289297344905E-001
