0.000100000000000 -6.000000000000000 0.100000000000000 0.000000000000000 5.000000000000000E-001
0.100000000000000 -2.618458888375098 3.000000000000000 0.000000000000000 2.639171904084184E-002
0.100000000000000 -3.087264315494378 0.363492460019741 -2.618458888375098 1.823194118274767E-002
0.363492460019741 -2.821855089516230 1.390661293225197 -2.618458888375098 1.282900984725603E-002
0.363492460019741 -3.087264315494378 1.390661293225197 -2.949067086951983 1.282900984725603E-002
1.390661293225197 -3.087264315494378 3.000000000000000 -2.618458888375098 1.282900984725603E-002
0.363492460019741 -2.949067086951983 1.390661293225197 -2.821855089516230 1.930116920135616E-002
0.100000000000000 -4.247937576272975 0.363492460019741 -4.117204240622548 1.930116920135616E-002
0.100000000000000 -4.117204240622548 0.363492460019741 -3.087264315494378 1.035462869860708E-001
0.100000000000000 -4.374086079528704 0.363492460019741 -4.247937576272975 1.035462869860708E-001
0.363492460019741 -4.374086079528704 3.000000000000000 -3.087264315494378 9.147399621633896E-001
0.100000000000000 -6.000000000000000 3.000000000000000 -4.374086079528704 1.018117721128153E-001
