0.040000 0.080000 0.160000 0.320000 0.640000 1.280000 2.000000 
-2.550000000000000 -2.650000000000000 -2.750000000000000 -2.850000000000000 -2.950000000000000 -3.050000000000000 -3.150000000000000 -3.250000000000000 -3.350000000000000 -3.450000000000000 
1.880074062810005E-003 2.025446137776368E-003 2.136181337434732E-003 2.239560437910398E-003 2.374208652836280E-003 2.575301177895790E-003 2.888032264781548E-003 3.375672679241941E-003 3.996426664842775E-003 4.361312084363912E-003 
3.759965047676339E-003 4.050645897668170E-003 4.272046703012202E-003 4.478707563209827E-003 4.747881812407202E-003 5.149910414505213E-003 5.775175612917017E-003 6.750212468809029E-003 7.991439594804629E-003 8.721008146119194E-003 
7.518474114931426E-003 8.099332342657492E-003 8.541580373382839E-003 8.954127757158573E-003 9.491504228307024E-003 1.029431665839772E-002 1.154327965339019E-002 1.349141179709372E-002 1.597163089439665E-002 1.742915783089195E-002 
1.502556999589691E-002 1.618334999213052E-002 1.706351636691791E-002 1.788255338522804E-002 1.894969915328876E-002 2.054557831150539E-002 2.303122723788243E-002 2.691227779744384E-002 3.185519699000384E-002 3.475762347257225E-002 
2.996793424311143E-002 3.225465210447011E-002 3.398321896439509E-002 3.557680578553585E-002 3.765514751339064E-002 4.077511071365884E-002 4.565580680489976E-002 5.330546132713597E-002 6.306167496738344E-002 6.877289275872682E-002 
5.944767750221811E-002 6.385057443547378E-002 6.711888012779790E-002 7.004059636686387E-002 7.386145292081869E-002 7.966769942095042E-002 8.887808534353318E-002 1.034894864287217E-001 1.222056922531585E-001 1.330482987451871E-001 
9.205429000110638E-002 9.863729116467307E-002 1.034114068158468E-001 1.075046817413685E-001 1.128693413684724E-001 1.211480518328627E-001 1.345152191287745E-001 1.560500116226874E-001 1.837814777265417E-001 1.996030265339218E-001 
8.802356E-003
