0.040000 0.080000 0.160000 0.320000 0.640000 1.280000 2.000000 
-2.550000000000000 -2.650000000000000 -2.750000000000000 -2.850000000000000 -2.950000000000000 -3.050000000000000 -3.150000000000000 -3.250000000000000 -3.350000000000000 -3.450000000000000 
2.242297141249388E-003 2.373469890329317E-003 2.447294787539812E-003 2.460916432385270E-003 2.482256175091382E-003 2.498893718689177E-003 2.517225458780002E-003 2.551737612631424E-003 2.656093738818075E-003 2.880438220037074E-003 
4.484589696237976E-003 4.746934703625218E-003 4.894583578003956E-003 4.921826282372705E-003 4.964504861514402E-003 4.997779027826255E-003 5.034441556848813E-003 5.103464849374288E-003 5.312175931072663E-003 5.760863659461875E-003 
8.969142708663419E-003 9.493828798017563E-003 9.789119187844008E-003 9.843599915001684E-003 9.928949824651175E-003 9.995490791830127E-003 1.006880824232541E-002 1.020684670710270E-002 1.062425950786939E-002 1.152162509441568E-002 
1.793799214741160E-002 1.898733294707884E-002 1.957785490024909E-002 1.968677893377680E-002 1.985742081297619E-002 1.999044387571015E-002 2.013701797130831E-002 2.041302999549183E-002 2.124778076437282E-002 2.304243304453083E-002 
3.587364453050125E-002 3.797207587272991E-002 3.915265060068272E-002 3.937020031784564E-002 3.971102211528601E-002 3.997659892315007E-002 4.026926242710563E-002 4.082076910814941E-002 4.248967409672020E-002 4.607834971393976E-002 
7.172877260195527E-002 7.592365766312716E-002 7.828109886775465E-002 7.871384351464190E-002 7.939184057557809E-002 7.991929179600959E-002 8.050079660854068E-002 8.159973016952407E-002 8.493283421146867E-002 9.210522317740880E-002 
1.120219703126916E-001 1.185707048964114E-001 1.222433769670538E-001 1.229126857013582E-001 1.239614382801545E-001 1.247748153398180E-001 1.256723126066415E-001 1.273775445477179E-001 1.325718371385252E-001 1.437642616204923E-001 
2.644723E-002
