0.040000 0.080000 0.160000 0.320000 0.640000 1.280000 2.000000 
-2.550000000000000 -2.650000000000000 -2.750000000000000 -2.850000000000000 -2.950000000000000 -3.050000000000000 -3.150000000000000 -3.250000000000000 -3.350000000000000 -3.450000000000000 
1.920749921329756E-003 1.946657498527658E-003 2.008961932352232E-003 2.141064409910775E-003 2.397493311373433E-003 2.788458579103564E-003 3.279004131534755E-003 3.667006122910107E-003 3.893195357822180E-003 4.015201044168228E-003 
3.841450693459131E-003 3.893253536313917E-003 4.017843106301999E-003 4.282021951198658E-003 4.794845017408251E-003 5.576741849410719E-003 6.557785439644857E-003 7.333741087944205E-003 7.786074862013476E-003 8.030049258054079E-003 
7.682508837270658E-003 7.786016185264273E-003 8.035041183507795E-003 8.563190308177369E-003 9.588558956675184E-003 1.115208336973610E-002 1.311379096288263E-002 1.466531611806007E-002 1.556962659878290E-002 1.605727999715584E-002 
1.536189773528984E-002 1.556813064297175E-002 1.606495511494723E-002 1.711959490732949E-002 1.916812535101658E-002 2.229303214137920E-002 2.621342746093837E-002 2.931340561438253E-002 3.111918588138573E-002 3.209214285872553E-002 
3.069947225495870E-002 3.110583660442052E-002 3.208991809008299E-002 3.418624311051384E-002 3.826605423018987E-002 4.449910410342899E-002 5.231625965263580E-002 5.849216702470991E-002 6.208149519172704E-002 6.400902552607338E-002 
6.122261686504776E-002 6.199092262897987E-002 6.388934500156222E-002 6.798735346641056E-002 7.602061942870302E-002 8.836332642974221E-002 1.038236262614549E-001 1.159982527988940E-001 1.230132449131471E-001 1.267331800347588E-001 
9.523124382737054E-002 9.632250145666506E-002 9.911683426273360E-002 1.052853898820399E-001 1.175222159138445E-001 1.364964552024366E-001 1.602140329225697E-001 1.787890163031631E-001 1.893371281745967E-001 1.948099502526604E-001 
2.078163E-003
