0.040000 0.080000 0.160000 0.320000 0.640000 1.280000 2.000000 
-2.550000000000000 -2.650000000000000 -2.750000000000000 -2.850000000000000 -2.950000000000000 -3.050000000000000 -3.150000000000000 -3.250000000000000 -3.350000000000000 -3.450000000000000 
1.898719692501482E-003 2.006058349844125E-003 2.106499345808096E-003 2.221606196116027E-003 2.393808208546657E-003 2.636025949581311E-003 3.093600499375775E-003 3.846544735386761E-003 4.467792951438600E-003 4.830981216433701E-003 
3.797273291505691E-003 4.011893877956688E-003 4.212709069023802E-003 4.442836087327480E-003 4.787124831488077E-003 5.271445810598046E-003 6.186420326553581E-003 7.692104102667893E-003 8.934382240716167E-003 9.660548541028517E-003 
7.593224259489277E-003 8.022013748851422E-003 8.423112209253710E-003 8.882675963551280E-003 9.570335359478486E-003 1.053806527696859E-002 1.236662366856735E-002 1.537636059752398E-002 1.785917786133681E-002 1.930983571110342E-002 
1.517607124751382E-002 1.603010389546079E-002 1.682812332452053E-002 1.774182812236953E-002 1.910993234703908E-002 2.103822070718744E-002 2.468440134744459E-002 3.069104789903360E-002 3.564300044178650E-002 3.853114030345324E-002 
3.027506376900936E-002 3.195673975901910E-002 3.352165751351899E-002 3.530862428570346E-002 3.799095989639226E-002 4.179385287167913E-002 4.900430788158921E-002 6.092141484964293E-002 7.072266505534339E-002 7.640010502941648E-002 
6.007568965304327E-002 6.327541736170567E-002 6.621142378596873E-002 6.953235666704831E-002 7.455837865806823E-002 8.182343304144707E-002 9.572346943995141E-002 1.189431646099497E-001 1.378884019819271E-001 1.486109662705547E-001 
9.299892663792640E-002 9.769324279198688E-002 1.019151982734603E-001 1.066219319008904E-001 1.138221836606035E-001 1.245020620479754E-001 1.451893644561735E-001 1.802406263723974E-001 2.085217557052305E-001 2.240083551397631E-001 
1.010749E-002
