0.040000 0.080000 0.160000 0.320000 0.640000 1.280000 2.000000 
-2.550000000000000 -2.650000000000000 -2.750000000000000 -2.850000000000000 -2.950000000000000 -3.050000000000000 -3.150000000000000 -3.250000000000000 -3.350000000000000 -3.450000000000000 
1.949349127939937E-003 1.953209468705557E-003 2.010068222890652E-003 2.135970791501054E-003 2.379718466306895E-003 2.805212610801171E-003 3.281985567079460E-003 3.710459272587613E-003 3.964580161523848E-003 4.102063488584798E-003 
3.898642812988620E-003 3.906350083173966E-003 4.020046873317275E-003 4.271824629895267E-003 4.759284604937637E-003 5.610226779567659E-003 6.563729336824436E-003 7.420622213020906E-003 7.928813324972837E-003 8.203737553278695E-003 
7.796842863906400E-003 7.812150295048069E-003 8.039378406599790E-003 8.542715231813047E-003 9.517352633451995E-003 1.121886863527147E-002 1.312552741643529E-002 1.483887753751396E-002 1.585485503978605E-002 1.640436460496727E-002 
1.559016843267011E-002 1.561993218634368E-002 1.607307345370657E-002 1.707800894797224E-002 1.902503759458326E-002 2.242514083877187E-002 2.623570390164731E-002 2.965893965749953E-002 3.168767612024078E-002 3.278400048158760E-002 
3.115296826638301E-002 3.120586587837759E-002 3.210190175303349E-002 3.409821981614729E-002 3.797474973842981E-002 4.475208575490753E-002 5.235167805772114E-002 5.917107241390052E-002 6.320339439091568E-002 6.537499322371403E-002 
6.210890574592903E-002 6.216676175009810E-002 6.388464063670388E-002 6.777889873236072E-002 7.540434437944142E-002 8.879202275581397E-002 1.038332797843751E-001 1.172736946407083E-001 1.251541971700889E-001 1.293435173559721E-001 
9.657211550420623E-002 9.654621208192034E-002 9.904981235643531E-002 1.048937193731843E-001 1.164937925943608E-001 1.369974987592376E-001 1.601034532513119E-001 1.806079068521758E-001 1.924613652821487E-001 1.986243644862777E-001 
2.008149E-003
