0.000100000000000 -6.000000000000000 0.100000000000000 0.000000000000000 5.000000000000000E-001
0.100000000000000 -2.517174194611944 3.000000000000000 0.000000000000000 5.304686727601617E-002
0.100000000000000 -3.082472197155973 0.226207138797504 -2.517174194611944 2.592035934130121E-002
0.226207138797504 -2.820530768083196 1.567621593391471 -2.517174194611944 5.468781432470649E-003
0.226207138797504 -3.082472197155973 1.567621593391471 -2.945744451224924 5.468781432470649E-003
1.567621593391471 -3.082472197155973 3.000000000000000 -2.517174194611944 5.468781432470649E-003
0.226207138797504 -2.945744451224924 1.567621593391471 -2.820530768083196 5.741389414956265E-003
0.100000000000000 -4.245841279187672 0.226207138797504 -4.117186658871799 5.741389414956265E-003
0.100000000000000 -4.117186658871799 0.226207138797504 -3.082472197155973 4.674607650312945E-002
0.100000000000000 -4.370887284384508 0.226207138797504 -4.245841279187672 4.674607650312945E-002
0.226207138797504 -4.370887284384508 3.000000000000000 -3.082472197155973 6.134803619081172E-001
0.100000000000000 -6.000000000000000 3.000000000000000 -4.370887284384508 3.209335446006299E-002
