0.040000 0.080000 0.160000 0.320000 0.640000 1.280000 2.000000 
-2.550000000000000 -2.650000000000000 -2.750000000000000 -2.850000000000000 -2.950000000000000 -3.050000000000000 -3.150000000000000 -3.250000000000000 -3.350000000000000 -3.450000000000000 
1.946072600744359E-003 1.970730895774724E-003 2.055366790728765E-003 2.203451545235858E-003 2.427143833136784E-003 2.844678583562806E-003 3.290039573630931E-003 3.593101082704661E-003 3.777475534634353E-003 3.891103831265340E-003 
3.892020472887771E-003 3.941308530879237E-003 4.110530786460955E-003 4.406636639786352E-003 4.853960910189793E-003 5.688937007794947E-003 6.579577172296155E-003 7.185603854558781E-003 7.554263095169138E-003 7.781444003166547E-003 
7.783046155798065E-003 7.881394682760836E-003 8.219444073616669E-003 8.811147992736836E-003 9.705315426297413E-003 1.137452246256673E-002 1.315515003264326E-002 1.436643480845562E-002 1.510303795241780E-002 1.555679596854127E-002 
1.555822994430771E-002 1.575312736659559E-002 1.642610163521319E-002 1.760549321671557E-002 1.939002141423829E-002 2.272253949502667E-002 2.627862833973985E-002 2.869511546129050E-002 3.016266122723962E-002 3.106539999145703E-002 
3.105647487277327E-002 3.143251303193744E-002 3.275457274819304E-002 3.508262476262482E-002 3.862250988984477E-002 4.524236198390509E-002 5.231490473883089E-002 5.710123423725593E-002 5.999293164551799E-002 6.176180613409391E-002 
6.170987145336065E-002 6.236879310665722E-002 6.485102557231487E-002 6.929821907883968E-002 7.617850631021518E-002 8.910917798996229E-002 1.029820401483197E-001 1.122348435087693E-001 1.177210972272121E-001 1.210087599185939E-001 
9.556815431776709E-002 9.639676693322920E-002 9.992540210762060E-002 1.064192857543926E-001 1.167293476080616E-001 1.362510656284158E-001 1.573204756600234E-001 1.710676268828787E-001 1.789823886686371E-001 1.835690117950070E-001 
3.714684E-003
