0.040000 0.080000 0.160000 0.320000 0.640000 1.280000 2.000000 
-2.550000000000000 -2.650000000000000 -2.750000000000000 -2.850000000000000 -2.950000000000000 -3.050000000000000 -3.150000000000000 -3.250000000000000 -3.350000000000000 -3.450000000000000 
1.957504240896016E-003 1.949879416665012E-003 1.981375782920999E-003 2.123265807605326E-003 2.405526430075134E-003 2.891691534635888E-003 3.352994570161433E-003 3.685231034392571E-003 3.868737316165015E-003 3.968779432605877E-003 
3.914961370479696E-003 3.899693506191364E-003 3.962663869875241E-003 4.246419061200215E-003 4.810909252814491E-003 5.783192273672239E-003 6.705757496439863E-003 7.370183384066104E-003 7.737153076056274E-003 7.937201838780997E-003 
7.829546480535975E-003 7.798865261826020E-003 7.924627322888003E-003 8.491939146811910E-003 9.620671473312019E-003 1.156486056473640E-002 1.340966468615240E-002 1.473814067524705E-002 1.547173758772484E-002 1.587155177515354E-002 
1.565610289178771E-002 1.559358404517846E-002 1.584368786520917E-002 1.697673274951220E-002 1.923222470422149E-002 2.311760493730185E-002 2.680461727475111E-002 2.945858014059705E-002 3.092305010408415E-002 3.172042522093764E-002 
3.128890725395014E-002 3.115485178094382E-002 3.164397766394410E-002 3.389773913484215E-002 3.839330691647039E-002 4.614063267606549E-002 5.349434688786057E-002 5.877889390620623E-002 6.168653777480970E-002 6.326368012690302E-002 
6.240922637456501E-002 6.207565827261290E-002 6.297329412296619E-002 6.739083873630276E-002 7.626912167962439E-002 9.159203322194351E-002 1.061500836898485E-001 1.165474743733256E-001 1.222065922319517E-001 1.252320129728517E-001 
9.710549697877827E-002 9.642433700587549E-002 9.762885776098237E-002 1.043085219750134E-001 1.178994958522980E-001 1.414123052962138E-001 1.637828342238078E-001 1.795975104911662E-001 1.880490865788806E-001 1.924553982531931E-001 
2.042452E-003
