0.000100000000000 -6.000000000000000 0.100000000000000 0.000000000000000 5.000000000000000E-001
0.100000000000000 -2.526992893074531 3.000000000000000 0.000000000000000 5.035600737477269E-002
0.100000000000000 -3.078840313766315 0.225066772145983 -2.526992893074531 2.592656837048226E-002
0.225066772145983 -2.758438035164651 1.727943070675277 -2.526992893074531 1.102912607423928E-003
0.225066772145983 -3.078840313766315 1.727943070675277 -2.949704948487173 1.102912607423928E-003
1.727943070675277 -3.078840313766315 3.000000000000000 -2.526992893074531 1.102912607423928E-003
0.225066772145983 -2.949704948487173 1.727943070675277 -2.758438035164651 1.036910813326583E-003
0.100000000000000 -4.242367822249421 0.225066772145983 -4.117187047093176 1.036910813326583E-003
0.100000000000000 -4.117187047093176 0.225066772145983 -3.078840313766315 6.221097966963521E-003
0.100000000000000 -4.382343476819082 0.225066772145983 -4.242367822249421 6.221097966963521E-003
0.225066772145983 -4.382343476819082 3.000000000000000 -3.078840313766315 6.479580628833013E-001
0.100000000000000 -6.000000000000000 3.000000000000000 -4.382343476819082 4.843453132285349E-003
