0.040000 0.080000 0.160000 0.320000 0.640000 1.280000 2.000000 
-2.550000000000000 -2.650000000000000 -2.750000000000000 -2.850000000000000 -2.950000000000000 -3.050000000000000 -3.150000000000000 -3.250000000000000 -3.350000000000000 -3.450000000000000 
1.894582108446956E-003 1.929371310113871E-003 1.999901461673098E-003 2.136088904620781E-003 2.400443959130391E-003 2.809908191779136E-003 3.304235216184467E-003 3.648550195878966E-003 3.839170152512470E-003 3.941081485179134E-003 
3.789119052254116E-003 3.858688308736083E-003 3.999735753769689E-003 4.272089854453244E-003 4.800770909854524E-003 5.619671106931590E-003 6.608285891459175E-003 7.296877359509459E-003 7.678082194534509E-003 7.881876170406239E-003 
7.577877299172428E-003 7.716942735740522E-003 7.998934897199602E-003 8.543477033877910E-003 9.600607011720554E-003 1.123818153360229E-002 1.321509736808369E-002 1.459197274318831E-002 1.535410212852996E-002 1.576146084881019E-002 
1.515288443097529E-002 1.543043382121973E-002 1.599360064086755E-002 1.708136330175659E-002 1.919377560716638E-002 2.246712637126007E-002 2.641846023975624E-002 2.916976226151355E-002 3.069178960715249E-002 3.150468224005654E-002 
3.028331563400863E-002 3.083386024424161E-002 3.195378895293607E-002 3.411895697588190E-002 3.832929437293666E-002 4.486188136505435E-002 5.274494391376868E-002 5.822832547647554E-002 6.125486779859964E-002 6.286633712012553E-002 
6.040178954334063E-002 6.146929003108603E-002 6.366184249704500E-002 6.791560019378128E-002 7.622894319853829E-002 8.918912265299672E-002 1.048094051808601E-001 1.156331026301296E-001 1.215559777486945E-001 1.246726301230259E-001 
9.396649835256929E-002 9.554974062484853E-002 9.885588175315566E-002 1.053080759977657E-001 1.180240379825668E-001 1.380041148666196E-001 1.620354638415578E-001 1.785789084513097E-001 1.874987413884398E-001 1.920963045222365E-001 
2.463675E-003
