0.040000 0.080000 0.160000 0.320000 0.640000 1.280000 2.000000 
-2.550000000000000 -2.650000000000000 -2.750000000000000 -2.850000000000000 -2.950000000000000 -3.050000000000000 -3.150000000000000 -3.250000000000000 -3.350000000000000 -3.450000000000000 
1.906912386096551E-003 1.922120297460513E-003 1.992195299366702E-003 2.134752868849774E-003 2.399903445989551E-003 2.855203394276229E-003 3.371803696014515E-003 3.740494823292129E-003 3.948017127707839E-003 3.950381999418938E-003 
3.813777009809386E-003 3.844179689890178E-003 3.984311722986394E-003 4.269403286925647E-003 4.799677517897534E-003 5.710237100413919E-003 6.743391830533481E-003 7.480728721723443E-003 7.895731864432735E-003 7.900445526287977E-003 
7.627172506380300E-003 7.687872880687605E-003 7.967993389391966E-003 8.537988183506460E-003 9.598321551622385E-003 1.141911863616894E-002 1.348506159062281E-002 1.495937293885152E-002 1.578904793285824E-002 1.579834677127101E-002 
1.525131152762577E-002 1.537187732318784E-002 1.593097650293275E-002 1.706946789132054E-002 1.918842317867145E-002 2.282745443549082E-002 2.695642359107522E-002 2.990216184325919E-002 3.155887540356347E-002 3.157645052066283E-002 
3.047893533254538E-002 3.071354105084441E-002 3.182281106322348E-002 3.408807221923563E-002 3.831258113980786E-002 4.557056838849527E-002 5.380564941847894E-002 5.967451892075289E-002 6.296728809867354E-002 6.299442385987558E-002 
6.078512260447159E-002 6.120656979096236E-002 6.335964728046543E-002 6.780402898250865E-002 7.615422090009671E-002 9.052197784218174E-002 1.068230808512776E-001 1.183935299148077E-001 1.248263569135694E-001 1.248213253560350E-001 
9.455137264731815E-002 9.509124918440759E-002 9.829216552666165E-002 1.050205037506812E-001 1.178178600306033E-001 1.398917505167011E-001 1.649319039173607E-001 1.825844717276205E-001 1.922476174889554E-001 1.920887592830766E-001 
2.563931E-003
