0.000100000000000 -6.000000000000000 0.100000000000000 0.000000000000000 5.000000000000000E-001
0.100000000000000 -2.634955912669536 3.000000000000000 0.000000000000000 2.981942797623133E-002
0.100000000000000 -3.102594410070626 0.225005724171823 -2.634955912669536 3.282330084831824E-002
0.225005724171823 -2.820418283913114 1.653562070853032 -2.634955912669536 1.773794557326653E-003
0.225005724171823 -3.102594410070626 1.653562070853032 -2.947045762553412 1.773794557326653E-003
1.653562070853032 -3.102594410070626 3.000000000000000 -2.634955912669536 1.773794557326653E-003
0.225005724171823 -2.947045762553412 1.653562070853032 -2.820418283913114 1.000255630185629E-003
0.100000000000000 -4.242291695001403 0.225005724171823 -4.117290573057915 1.000255630185629E-003
0.100000000000000 -4.117290573057915 0.225005724171823 -3.102594410070626 2.143315516269090E-003
0.100000000000000 -4.368277748717409 0.225005724171823 -4.242291695001403 2.143315516269090E-003
0.225005724171823 -4.368277748717409 3.000000000000000 -3.102594410070626 6.887265602983047E-001
0.100000000000000 -6.000000000000000 3.000000000000000 -4.368277748717409 1.002099459217698E-003
