0.040000 0.080000 0.160000 0.320000 0.640000 1.280000 2.000000 
-2.550000000000000 -2.650000000000000 -2.750000000000000 -2.850000000000000 -2.950000000000000 -3.050000000000000 -3.150000000000000 -3.250000000000000 -3.350000000000000 -3.450000000000000 
1.990103970479029E-003 2.174628622652733E-003 2.274803840200049E-003 2.335327767519302E-003 2.392200249597528E-003 2.469598843671831E-003 2.608657817115673E-003 2.956406639320083E-003 3.776308400301153E-003 4.417960143858080E-003 
3.980182257529539E-003 4.349223136710880E-003 4.549565032936806E-003 4.670600991398786E-003 4.784331519355110E-003 4.939110816276873E-003 5.217206664416833E-003 5.912677347790066E-003 7.552453234695152E-003 8.835719510435045E-003 
7.960159429671588E-003 8.698173911066249E-003 9.098789518264254E-003 9.340766441030823E-003 9.568112219213947E-003 9.877527944897361E-003 1.043354317140125E-002 1.182426923824336E-002 1.510360032534974E-002 1.766983572865119E-002 
1.591869029364081E-002 1.739418498506428E-002 1.819487470426050E-002 1.867807415370267E-002 1.913185021457711E-002 1.974954701520064E-002 2.086017587597017E-002 2.363991789089290E-002 3.019682708592752E-002 3.532693792372635E-002 
3.182472649996457E-002 3.477156359981333E-002 3.636873426993222E-002 3.732926971761574E-002 3.822970571611375E-002 3.945627841276413E-002 4.166663751040350E-002 4.721282002553176E-002 6.031300128106559E-002 7.055487511173833E-002 
6.355871651302335E-002 6.942258924927232E-002 7.258671373913138E-002 7.446569027601901E-002 7.621545870950808E-002 7.860522041692539E-002 8.294755325425263E-002 9.394414033837345E-002 1.200462413569376E-001 1.403981050596229E-001 
9.909313022050947E-002 1.081838808241501E-001 1.130552176084537E-001 1.158899804628619E-001 1.185011117476410E-001 1.220824823489005E-001 1.286781977497432E-001 1.456285607867491E-001 1.861748600831413E-001 2.176566877721880E-001 
1.459566E-002
