0.000100000000000 -6.000000000000000 0.100000000000000 0.000000000000000 5.000000000000000E-001
0.100000000000000 -2.595249002063621 3.000000000000000 0.000000000000000 5.469415883920476E-003
0.100000000000000 -3.341288628428507 0.397263042247267 -2.595249002063621 5.555823435440672E-002
0.397263042247267 -2.720271584880932 1.381804317526270 -2.595249002063621 3.211848143436499E-002
0.397263042247267 -3.341288628428507 1.381804317526270 -3.216267798494250 3.211848143436499E-002
1.381804317526270 -3.341288628428507 3.000000000000000 -2.595249002063621 3.211848143436499E-002
0.397263042247267 -3.216267798494250 1.381804317526270 -2.720271584880932 4.192808349756713E-002
0.100000000000000 -4.108287284342545 0.397263042247267 -3.907649405693328 4.192808349756713E-002
0.100000000000000 -3.907649405693328 0.397263042247267 -3.341288628428507 1.715572952406342E-001
0.100000000000000 -4.392371059407091 0.397263042247267 -4.108287284342545 1.715572952406342E-001
0.397263042247267 -4.392371059407091 3.000000000000000 -3.341288628428507 1.695403291464392E+000
0.100000000000000 -6.000000000000000 3.000000000000000 -4.392371059407091 7.415310552487453E-001
