0.000100000000000 -6.000000000000000 0.100000000000000 0.000000000000000 5.000000000000000E-001
0.100000000000000 -2.623517164409538 3.000000000000000 0.000000000000000 1.852407727093068E-002
0.100000000000000 -3.151213024628809 0.363733024602965 -2.623517164409538 3.505280942694534E-002
0.363733024602965 -2.813866016867748 1.466539365768450 -2.623517164409538 2.028224845944704E-002
0.363733024602965 -3.151213024628809 1.466539365768450 -2.956375298756911 2.028224845944704E-002
1.466539365768450 -3.151213024628809 3.000000000000000 -2.623517164409538 2.028224845944704E-002
0.363733024602965 -2.956375298756911 1.466539365768450 -2.813866016867748 2.989558908289227E-002
0.100000000000000 -4.254016756174197 0.363733024602965 -4.117494757808661 2.989558908289227E-002
0.100000000000000 -4.117494757808661 0.363733024602965 -3.151213024628809 1.012720442124553E-001
0.100000000000000 -4.382826018280370 0.363733024602965 -4.254016756174197 1.012720442124553E-001
0.363733024602965 -4.382826018280370 3.000000000000000 -3.151213024628809 8.110097940774577E-001
0.100000000000000 -6.000000000000000 3.000000000000000 -4.382826018280370 1.714629893799749E-001
