0.040000 0.080000 0.160000 0.320000 0.640000 1.280000 2.000000 
-2.550000000000000 -2.650000000000000 -2.750000000000000 -2.850000000000000 -2.950000000000000 -3.050000000000000 -3.150000000000000 -3.250000000000000 -3.350000000000000 -3.450000000000000 
1.912950265230855E-003 1.938225203873942E-003 2.007105151283275E-003 2.147135337974549E-003 2.416969309993148E-003 2.826141952642147E-003 3.252811544955452E-003 3.586741813361328E-003 3.776807109030640E-003 3.880511698602438E-003 
3.825858589970785E-003 3.876395382418798E-003 4.014138549944980E-003 4.294176795185756E-003 4.833813636174298E-003 5.652126516449449E-003 6.505430434432284E-003 7.173250747542621E-003 7.553344651421462E-003 7.760723780062132E-003 
7.651382147766140E-003 7.752351201943793E-003 8.027703903869522E-003 8.587603608279927E-003 9.666628793717004E-003 1.130299564068275E-002 1.300932169084325E-002 1.434464092749832E-002 1.510453560498560E-002 1.551905376624107E-002 
1.530009967302222E-002 1.550120624091921E-002 1.605084846915041E-002 1.716924119032688E-002 1.932531401357878E-002 2.259598678421644E-002 2.600639564322022E-002 2.867447572146671E-002 3.019193178114851E-002 3.101905713263985E-002 
3.057937006355768E-002 3.097507766571825E-002 3.206604046857966E-002 3.429180956720661E-002 3.858846012829101E-002 4.511364239931600E-002 5.191685892979947E-002 5.723294899090528E-002 6.024956140882796E-002 6.188883013671383E-002 
6.100625083811698E-002 6.174988155077225E-002 6.387056779670530E-002 6.824086161028008E-002 7.671965065394684E-002 8.965012900409007E-002 1.031257759643305E-001 1.136089406463280E-001 1.195064304054381E-001 1.226740050173867E-001 
9.494390632742249E-002 9.598632679075800E-002 9.914606346377243E-002 1.057695197871343E-001 1.187270940261406E-001 1.386242133430411E-001 1.593438938805450E-001 1.753417007318471E-001 1.842092914311242E-001 1.888757662673468E-001 
2.821436E-003
