0.000100000000000 -6.000000000000000 0.100000000000000 0.000000000000000 5.000000000000000E-001
0.100000000000000 -2.695347233775592 3.000000000000000 0.000000000000000 2.883009143709801E-002
0.100000000000000 -3.081456045386477 0.225000087880684 -2.695347233775592 2.449941461322585E-002
0.225000087880684 -2.820424927246513 1.808009935168329 -2.695347233775592 1.072930294082902E-003
0.225000087880684 -3.081456045386477 1.808009935168329 -2.946100290017803 1.072930294082902E-003
1.808009935168329 -3.081456045386477 3.000000000000000 -2.695347233775592 1.072930294082902E-003
0.225000087880684 -2.946100290017803 1.808009935168329 -2.820424927246513 1.000000001242039E-003
0.100000000000000 -4.242290623281212 0.225000087880684 -4.117290573038207 1.000000001242039E-003
0.100000000000000 -4.117290573038207 0.225000087880684 -3.081456045386477 1.119473243724236E-003
0.100000000000000 -4.367355207317948 0.225000087880684 -4.242290623281212 1.119473243724236E-003
0.225000087880684 -4.367355207317948 3.000000000000000 -3.081456045386477 6.548247385261915E-001
0.100000000000000 -6.000000000000000 3.000000000000000 -4.367355207317948 1.000038596114455E-003
