0.040000 0.080000 0.160000 0.320000 0.640000 1.280000 2.000000 
-2.550000000000000 -2.650000000000000 -2.750000000000000 -2.850000000000000 -2.950000000000000 -3.050000000000000 -3.150000000000000 -3.250000000000000 -3.350000000000000 -3.450000000000000 
1.894614304088322E-003 1.963341194191653E-003 2.051363868305005E-003 2.157607435189701E-003 2.316167180917268E-003 2.544357799836717E-003 2.946396885138019E-003 3.313919465555663E-003 3.541133033501495E-003 3.684351684233020E-003 
3.789160842917395E-003 3.926591631597531E-003 4.102606632229750E-003 4.315058657078569E-003 4.632131691973080E-003 5.088468071885369E-003 5.892479554136581E-003 6.627453397459837E-003 7.081812043754366E-003 7.368187563290121E-003 
7.577780856488457E-003 7.852458928813541E-003 8.204246705908649E-003 8.628870515553106E-003 9.262645755056816E-003 1.017496042024514E-002 1.178245102208992E-002 1.325182938219699E-002 1.415999992492885E-002 1.473225777207442E-002 
1.515127601588479E-002 1.569917764847634E-002 1.640083303601127E-002 1.724785872864959E-002 1.851246860545709E-002 2.033425752926118E-002 2.354501606900682E-002 2.647925661817251E-002 2.829126066234114E-002 2.943186450584730E-002 
3.026952372323897E-002 3.135410643214733E-002 3.274259734456096E-002 3.441948757103436E-002 3.692598258786096E-002 4.054758548995377E-002 4.693643486576855E-002 5.276996802957656E-002 5.636041569348636E-002 5.861136389676782E-002 
6.030928725433307E-002 6.240008681934060E-002 6.507336710716966E-002 6.830672032581375E-002 7.315988357535444E-002 8.024785433206463E-002 9.279481617065415E-002 1.042147787025728E-001 1.111584257550788E-001 1.154467172217617E-001 
9.371609323288750E-002 9.680487663049883E-002 1.007451298840867E-001 1.055204430117934E-001 1.127342018101610E-001 1.234467513108494E-001 1.425129158868057E-001 1.597785945084315E-001 1.700734276544833E-001 1.762763160986680E-001 
9.032979E-003
