0.040000 0.080000 0.160000 0.320000 0.640000 1.280000 2.000000 
-2.550000000000000 -2.650000000000000 -2.750000000000000 -2.850000000000000 -2.950000000000000 -3.050000000000000 -3.150000000000000 -3.250000000000000 -3.350000000000000 -3.450000000000000 
1.910900530637391E-003 2.074426967376291E-003 2.195622359396059E-003 2.307867157688549E-003 2.449996160241465E-003 2.654200494427458E-003 2.958674460505576E-003 3.428140819822587E-003 4.112527329661438E-003 4.766060007797582E-003 
3.821438691708799E-003 4.148367248328033E-003 4.390622292965668E-003 4.614921873234358E-003 4.898942392378682E-003 5.307048855581623E-003 5.915618659334367E-003 6.854094136343665E-003 8.222394757849735E-003 9.528849483395553E-003 
7.640007302245648E-003 8.292879610064148E-003 8.776314275615671E-003 9.223407864780781E-003 9.789566962309667E-003 1.060338474622856E-002 1.181752702395073E-002 1.369085300950997E-002 1.642370853882654E-002 1.903177646567259E-002 
1.525793917161678E-002 1.655610364853694E-002 1.751469127972899E-002 1.839728032202831E-002 1.951509335882422E-002 2.112425780144457E-002 2.352941325180678E-002 2.724807665848619E-002 3.268484887252040E-002 3.786358770622310E-002 
3.036338705551997E-002 3.290720392072100E-002 3.476689452586822E-002 3.645145944043862E-002 3.858605476194620E-002 4.167544049892444E-002 4.632390561341170E-002 5.356493392578901E-002 6.423501919539679E-002 7.432979386262900E-002 
5.996311128103563E-002 6.478475325999136E-002 6.821070075897878E-002 7.116615992877101E-002 7.491265021069148E-002 8.041852174582316E-002 8.886311556694428E-002 1.023024566657735E-001 1.225521003963213E-001 1.413383228848442E-001 
9.263121736567816E-002 9.978476100936988E-002 1.047103658952210E-001 1.087180361025820E-001 1.137859188763101E-001 1.213567098197677E-001 1.332171319148351E-001 1.525531540826325E-001 1.824214892351712E-001 2.095133876346609E-001 
1.051584E-002
