0.040000 0.080000 0.160000 0.320000 0.640000 1.280000 2.000000 
-2.550000000000000 -2.650000000000000 -2.750000000000000 -2.850000000000000 -2.950000000000000 -3.050000000000000 -3.150000000000000 -3.250000000000000 -3.350000000000000 -3.450000000000000 
1.939065311889187E-003 1.959498256006463E-003 2.000000702702697E-003 2.097718282653341E-003 2.398116751203592E-003 2.893765901882891E-003 3.222144380437057E-003 3.630604837308480E-003 3.924429166390525E-003 4.017271538282559E-003 
3.878125345007446E-003 3.918990440967635E-003 3.999994316584154E-003 4.195428112168498E-003 4.796223193976514E-003 5.787519126523048E-003 6.444273268093743E-003 7.261191146652694E-003 7.848836944186205E-003 8.034519383281523E-003 
7.756208468296064E-003 7.837932323756272E-003 7.999931934718070E-003 8.390788613935586E-003 9.592363938416679E-003 1.157493685691752E-002 1.288842262027748E-002 1.452223410093391E-002 1.569750281598053E-002 1.606884926139314E-002 
1.551207944088103E-002 1.567547651021551E-002 1.599941067216840E-002 1.678103681410068E-002 1.918406885209861E-002 2.314906324143514E-002 2.577585475577352E-002 2.904328366462444E-002 3.139363821487111E-002 3.213618379228977E-002 
3.102146776517619E-002 3.134785836301887E-002 3.199520819195655E-002 3.355776527519850E-002 3.836288371006651E-002 4.629166489053487E-002 5.154381246374842E-002 5.807712292935301E-002 6.277637409955460E-002 6.426029148740470E-002 
6.202168474971839E-002 6.267128759585869E-002 6.396190156218653E-002 6.708153353731958E-002 7.668430716570658E-002 9.253233372007516E-002 1.030252909445811E-001 1.160796920554618E-001 1.254666911428566E-001 1.284252843512228E-001 
9.684693929063519E-002 9.785273420943212E-002 9.985746656726192E-002 1.047159609214851E-001 1.196985658746461E-001 1.444333095199603E-001 1.607954845411164E-001 1.811573557692140E-001 1.957910701506709E-001 2.003871128560771E-001 
0.000000E+000
